song_id,label,spectral_centroid_mean,spectral_centroid_std,spectral_centroid_skew,spectral_centroid_kurtosis,spectral_centroid_median,spectral_centroid_min,spectral_centroid_max,spectral_flatness_mean,spectral_flatness_std,spectral_flatness_skew,spectral_flatness_kurtosis,spectral_flatness_median,spectral_flatness_min,spectral_flatness_max,spectral_roll_of_mean,spectral_roll_of_std,spectral_roll_of_skew,spectral_roll_of_kurtosis,spectral_roll_of_median,spectral_roll_of_min,spectral_roll_of_max,mfcc_1_mean,mfcc_1_std,mfcc_1_skew,mfcc_1_kurtosis,mfcc_1_median,mfcc_1_min,mfcc_1_max,mfcc_2_mean,mfcc_2_std,mfcc_2_skew,mfcc_2_kurtosis,mfcc_2_median,mfcc_2_min,mfcc_2_max,mfcc_3_mean,mfcc_3_std,mfcc_3_skew,mfcc_3_kurtosis,mfcc_3_median,mfcc_3_min,mfcc_3_max,mfcc_4_mean,mfcc_4_std,mfcc_4_skew,mfcc_4_kurtosis,mfcc_4_median,mfcc_4_min,mfcc_4_max,mfcc_5_mean,mfcc_5_std,mfcc_5_skew,mfcc_5_kurtosis,mfcc_5_median,mfcc_5_min,mfcc_5_max,mfcc_6_mean,mfcc_6_std,mfcc_6_skew,mfcc_6_kurtosis,mfcc_6_median,mfcc_6_min,mfcc_6_max,mfcc_7_mean,mfcc_7_std,mfcc_7_skew,mfcc_7_kurtosis,mfcc_7_median,mfcc_7_min,mfcc_7_max,mfcc_8_mean,mfcc_8_std,mfcc_8_skew,mfcc_8_kurtosis,mfcc_8_median,mfcc_8_min,mfcc_8_max,mfcc_9_mean,mfcc_9_std,mfcc_9_skew,mfcc_9_kurtosis,mfcc_9_median,mfcc_9_min,mfcc_9_max,mfcc_10_mean,mfcc_10_std,mfcc_10_skew,mfcc_10_kurtosis,mfcc_10_median,mfcc_10_min,mfcc_10_max,mfcc_11_mean,mfcc_11_std,mfcc_11_skew,mfcc_11_kurtosis,mfcc_11_median,mfcc_11_min,mfcc_11_max,mfcc_12_mean,mfcc_12_std,mfcc_12_skew,mfcc_12_kurtosis,mfcc_12_median,mfcc_12_min,mfcc_12_max,tonnetz_1_mean,tonnetz_1_std,tonnetz_1_skew,tonnetz_1_kurtosis,tonnetz_1_median,tonnetz_1_min,tonnetz_1_max,tonnetz_2_mean,tonnetz_2_std,tonnetz_2_skew,tonnetz_2_kurtosis,tonnetz_2_median,tonnetz_2_min,tonnetz_2_max,tonnetz_3_mean,tonnetz_3_std,tonnetz_3_skew,tonnetz_3_kurtosis,tonnetz_3_median,tonnetz_3_min,tonnetz_3_max,tonnetz_4_mean,tonnetz_4_std,tonnetz_4_skew,tonnetz_4_kurtosis,tonnetz_4_median,tonnetz_4_min,tonnetz_4_max,tonnetz_5_mean,tonnetz_5_std,tonnetz_5_skew,tonnetz_5_kurtosis,tonnetz_5_median,tonnetz_5_min,tonnetz_5_max,tonnetz_6_mean,tonnetz_6_std,tonnetz_6_skew,tonnetz_6_kurtosis,tonnetz_6_median,tonnetz_6_min,tonnetz_6_max
disco.00076.wav,3,2251.761016045477,476.5694862178938,1.591570356949925,6.755542615373811,2228.621762655994,980.5706892723516,5057.373350199954,0.0080340318381786,0.0073575377464294,3.927938222885132,21.26531982421875,0.0066098314709961,0.00035379131441,0.0656637698411941,4557.353391005656,1054.1783769697845,0.8689047203203353,1.543536150557637,4414.306640625,2002.587890625,8376.416015625,103.34938049316406,19.264190673828125,-0.0223810784518718,1.4723477363586426,102.4043426513672,13.403034210205078,171.7391357421875,-36.492469787597656,20.738956451416016,0.3246849775314331,-0.1969485282897949,-38.18226623535156,-101.17930603027344,31.19339370727539,27.09720039367676,15.477639198303224,-0.4435469508171081,0.3928089141845703,27.58489990234375,-28.71141815185547,74.34104919433594,-22.86488151550293,14.014326095581056,0.4538382887840271,-0.1622624397277832,-24.328205108642575,-54.64735412597656,21.54212951660156,9.975509643554688,14.752589225769045,-0.113142617046833,-0.3893356323242187,9.77190113067627,-30.49828720092773,46.86060333251953,-24.651752471923828,10.760101318359377,-0.1084588319063186,-0.4433662891387939,-24.080900192260746,-51.141143798828125,5.619299411773682,15.649426460266112,9.493406295776367,-0.2604964077472687,-0.3233788013458252,16.116439819335938,-15.043684005737305,42.14536285400391,-20.147499084472656,8.584528923034668,0.0414687767624855,0.0706734657287597,-20.174335479736328,-49.95790863037109,8.185944557189941,18.73279190063477,8.310730934143066,-0.1258377432823181,-0.0024313926696777,18.916749954223636,-9.330739974975586,43.273319244384766,-18.55528259277344,7.679663181304932,-0.0527341328561306,0.0274991989135742,-18.441057205200195,-40.65285873413086,8.106781959533691,9.852910995483398,8.477288246154785,-0.1423845589160919,0.2302725315093994,9.65154266357422,-17.347232818603516,37.71090316772461,-15.085712432861328,8.706448554992676,0.3827646970748901,0.3683245182037353,-15.764673233032228,-39.14903259277344,21.46326065063477,-0.0073066756730599,0.068639969546146,-0.218210679469406,-0.1176120860109848,0.0004571043420254,-0.2057336121955245,0.223951281602279,0.0541357355225081,0.0465598151187718,0.7760782784034895,1.5173446823486278,0.0469035818047783,-0.0922207035667928,0.2637013332819432,-0.0031037200314312,0.0611195923018039,0.4332148905029164,0.2310910160957955,-0.0096988528966909,-0.1691695824265486,0.2210691906511779,-0.0024030223266967,0.0576233519917587,0.05997582231929,1.307710506643212,-0.0064096003770835,-0.2574571743607526,0.1685521006584163,-0.0065073255071923,0.0214732394331548,-0.2229776526467871,0.4956902766458113,-0.0053534803371641,-0.0834783111727647,0.0644717160076553,-0.0042484718445495,0.0214633593113898,0.0873689573260262,0.4274702452938057,-0.0038199918344616,-0.0707594892010091,0.0795095404610038
jazz.00011.wav,5,1825.7919930848736,360.63339362273416,0.9120980902444386,1.6723982557182442,1771.2827239204823,835.7710470200909,3571.8850769344017,0.0033937152475118,0.0044761761091649,5.262330532073975,45.00566101074219,0.0021134496200829,0.0001546035346109,0.0640332251787185,4011.2377193300463,1089.4688364600077,0.6092797522976742,-0.2295050321565228,3789.84375,1356.591796875,7202.8564453125,113.19280242919922,17.54477882385254,-0.1819519698619842,-0.1870152950286865,113.91790008544922,60.6096076965332,160.95822143554688,-6.349791526794434,19.123838424682617,-0.0142510933801531,-0.6873455047607422,-7.72464656829834,-63.15756988525391,38.976051330566406,39.58106231689453,8.945503234863281,0.0782515630125999,0.214231252670288,39.407203674316406,8.587957382202148,68.7205810546875,-9.18021297454834,6.8836283683776855,-0.0831094086170196,0.2125935554504394,-9.21211051940918,-37.66786575317383,11.01346206665039,17.197965621948242,7.062412261962891,-0.154452309012413,0.3211841583251953,17.734846115112305,-7.397250175476074,39.730445861816406,-19.10273742675781,7.380213260650635,0.0842629969120025,-0.0800039768218994,-19.094165802001957,-39.909576416015625,5.0921735763549805,12.200302124023438,6.410933971405029,-0.2202246934175491,0.4771730899810791,12.510394096374512,-11.42387866973877,32.813907623291016,-15.47020149230957,6.279075622558594,-0.0437317937612533,0.0159542560577392,-15.379990577697754,-33.491424560546875,3.689471244812012,9.694096565246582,5.872715473175049,-0.1968178451061248,-0.1860275268554687,9.896211624145508,-9.820838928222656,25.317487716674805,-10.955244064331056,5.888175010681152,-0.3498129546642303,0.3487977981567383,-10.53251838684082,-32.80446243286133,7.079489707946777,12.916770935058594,6.867481231689453,-0.0695484727621078,-0.4051272869110107,12.977993965148926,-6.623254776000977,32.66457748413086,-7.286330699920654,6.202071666717529,0.0575071647763252,0.0532288551330566,-7.287342548370361,-28.89786720275879,15.948144912719728,0.0414120268500581,0.1202435499071803,0.1437485596395747,0.8401894867978643,0.0443005607205871,-0.3765519223403895,0.4597019566281847,0.1179969011294948,0.0862225423862647,-0.3155083637930262,0.5488720879833946,0.1247882132144903,-0.2165919684035824,0.3648636396976983,0.0663840832262193,0.1281479798875332,0.0199140052460888,-0.3634146034534886,0.0657306946814058,-0.2575657814741138,0.4361408539116378,-0.0406197443394148,0.1017449668778611,-0.3564176798905001,1.5534625214526887,-0.0427936054766182,-0.4453562367707495,0.2395363450050351,-0.0025208407699442,0.0477206894609741,-0.6874564728050376,0.639866355790891,0.0041884477167128,-0.182556545649858,0.1093946842851175,0.0051509252531859,0.0399300577881528,0.5545557961731399,0.5942450345033903,0.0020232200622559,-0.0971625009551642,0.1585674844682217
jazz.00093.wav,5,2152.8430465955457,488.8970185367992,0.9781969987506338,1.396357638672101,2067.3383136129246,1120.2188033224006,4415.639465952688,0.0120019195601344,0.0138185881078243,4.619384288787842,36.174461364746094,0.0077938516624271,0.0007244001608341,0.1861508339643478,5015.7957851471865,1634.3328855138443,0.3815830001928463,-0.7603591627912727,4737.3046875,1647.2900390625,9399.2431640625,100.93507385253906,17.21113395690918,-0.054700493812561,-0.1493616104125976,100.72296905517578,42.3448486328125,144.678955078125,17.10333824157715,16.670743942260742,0.1859267354011535,-0.2818148136138916,16.423934936523438,-27.037010192871094,65.34970092773438,12.981270790100098,10.888720512390137,-0.0116251856088638,-0.2116496562957763,13.288341522216797,-16.080482482910156,46.503700256347656,16.05994987487793,9.737960815429688,0.2113025933504104,-0.2590672969818115,15.204113006591797,-9.30799674987793,46.61580657958984,4.768145561218262,9.327131271362305,-0.0555089823901653,-0.0845799446105957,4.73052978515625,-22.813796997070312,30.73690795898437,4.5719380378723145,7.16235876083374,0.076921209692955,0.127375841140747,4.606019496917725,-20.52819061279297,30.529766082763672,-3.135014295578003,6.534415721893311,-0.2245636284351349,0.0362632274627685,-3.011723279953003,-24.316307067871094,15.780801773071287,-4.152949810028076,6.265066146850586,-0.1817561239004135,0.0373632907867431,-4.106297492980957,-24.037677764892575,14.702431678771973,-2.2979838848114014,6.440433979034424,-0.085715465247631,-0.1690843105316162,-2.185888767242432,-20.843673706054688,15.977487564086914,-4.922636985778809,7.272002220153809,-0.0861783251166343,0.2271356582641601,-4.891568660736084,-31.822593688964844,16.920814514160156,-3.3403120040893555,7.115381717681885,0.6749414205551147,1.416704177856445,-3.726738929748535,-21.70757293701172,25.178529739379883,-1.4198282957077026,6.1375603675842285,0.6162640452384949,2.32523775100708,-1.5526825189590454,-19.235994338989254,30.08429718017578,-0.0313995546676832,0.1484832988353438,0.0207527924195174,-0.3185119827299107,-0.0265117402910405,-0.4252024256034338,0.3642444938406757,0.1069865278483185,0.1883480822140981,-0.4556822528350064,-0.4610113126840285,0.1353195468496947,-0.415551108656718,0.4889951675551,0.0480772609925451,0.153196048906417,-0.3060749609198324,0.3677270379465138,0.0517061315476891,-0.4300300870090728,0.4584749992936847,0.0323913441927725,0.1439894968855387,-0.1174391195888408,0.4441462866448322,0.0442813299596305,-0.4204677734524017,0.4456063751131293,0.0017451296953464,0.0561964847407663,-0.3721244094985628,0.3600107724171391,0.0063088303790698,-0.185386945502839,0.1761311334508701,0.0048558619240701,0.0603721597439181,0.4004289545881626,-0.0828535321628454,0.0002285558730363,-0.1266084555536502,0.1767077697440983
classical.00049.wav,1,2224.893839839112,581.4579952766395,1.2249088088843438,0.6321492605148045,2053.120762146585,1361.4612287051882,4161.882836231042,0.0390035361051559,0.0661974847316742,2.596883535385132,5.810671806335449,0.0125151239335536,0.0024163573980331,0.3463900983333587,4467.456319236165,1274.59223572557,1.1197141048025956,0.2130444282619681,4107.45849609375,2616.2841796875,7988.818359375,98.35549926757812,23.70869827270508,-0.7668433785438538,-0.3434703350067138,103.92514038085938,36.32907104492188,140.5618133544922,-20.49053001403809,11.123618125915527,-0.3626595735549927,0.0931227207183837,-19.490795135498047,-63.73431396484375,10.806537628173828,18.82003402709961,11.126567840576172,-0.4989351630210876,0.169466495513916,19.63081359863281,-21.007400512695312,45.01309967041016,-2.095781087875366,7.019292831420898,-0.0560110993683338,-0.2619106769561767,-2.086641311645508,-23.23078727722168,19.260269165039062,2.665036916732788,5.511251449584961,-0.1255179941654205,0.016324758529663,2.92044448852539,-14.480031967163086,19.603439331054688,-7.311517238616943,6.156050682067871,0.1161035895347595,0.0234162807464599,-7.470843315124512,-26.12998962402344,12.38766098022461,-3.590113639831543,5.338572025299072,0.0087064690887928,-0.0635087490081787,-3.597474336624145,-21.649593353271484,18.420021057128903,-7.989524841308594,5.832286357879639,-0.0058135502040386,-0.5473179817199707,-7.84961462020874,-26.223857879638672,9.498294830322266,-1.9183744192123413,6.70001745223999,-0.2821173071861267,-0.1270122528076172,-1.8267416954040527,-22.65220642089844,16.55648422241211,-4.731997013092041,7.774080276489258,0.234162762761116,-0.5623588562011719,-5.612556457519531,-23.35369873046875,17.80970573425293,0.6237760782241821,6.0509772300720215,0.5942802429199219,0.571251392364502,-0.0354089140892028,-16.812347412109375,22.425514221191406,-2.5930845737457275,6.295280456542969,0.0633901804685592,-0.0324368476867675,-2.493574619293213,-23.047687530517575,19.10029411315918,0.0991561794709782,0.0765591819139637,0.0574370880264229,-0.3631804070813667,0.0965016484328536,-0.1365986117748815,0.3225775708532779,0.1356031351956277,0.0988721925865256,0.3516224176342358,0.0591334208631604,0.1242173545416638,-0.1558860291678659,0.4374759748555207,0.0758237927191927,0.1357267821047716,-0.013676267422096,0.3303341892997968,0.0713492007926103,-0.3191323876380924,0.4424796700477598,0.0648747469571017,0.1246100343393191,0.2285890549554702,-0.4657869113720201,0.0578612983226771,-0.2274413947016003,0.4193759039044377,0.0063023500477551,0.052862554446423,-0.2826292293151915,-0.4009331947416017,0.0078788953774531,-0.1360874729286894,0.1343845616463521,0.0086933894765177,0.0816479772198793,0.7689316755986427,0.4619378615162763,-0.0028279623948036,-0.1615400421433148,0.2671737871132792
classical.00000.wav,1,1505.3574607063904,210.7859882265556,0.4044856585424263,0.4987136775727494,1496.485755374416,973.6330401727572,2474.9618796536106,0.0009096294525079,0.0009172888239845,3.430025100708008,20.233253479003903,0.0006484241457656,3.224372267141007e-05,0.0106931431218981,2717.238763866734,546.8217260400228,0.3548862651488911,0.3542627371207856,2680.8837890625,1496.5576171875,5232.568359375,135.68165588378906,13.744140625,0.1554049402475357,-0.2634923458099365,134.9920196533203,88.85143280029297,172.7769012451172,-34.05637741088867,15.211519241333008,-0.3201511800289154,0.0355806350708007,-33.02448654174805,-82.30885314941406,9.54195499420166,25.61600685119629,13.015924453735352,-0.2518108785152435,-0.4863183498382568,26.058523178100582,-14.230990409851074,53.9345932006836,-12.971722602844238,8.44092845916748,-0.2974168062210083,-0.1272830963134765,-12.16719913482666,-40.59178161621094,8.578704833984375,17.903263092041016,8.634934425354004,-0.5141330361366272,0.2608480453491211,18.603126525878903,-13.081398010253906,40.411407470703125,-9.990859985351562,10.717710494995115,0.0105091957375407,0.153139591217041,-9.837724685668944,-43.27251434326172,21.938383102416992,5.634088039398193,8.114293098449707,-0.0964978411793708,-0.200627326965332,5.723365783691406,-19.03422737121582,28.16639518737793,-14.143672943115234,8.684954643249512,0.194862350821495,-0.1950762271881103,-14.3226957321167,-37.15386199951172,12.7526273727417,7.493184566497803,13.312304496765137,-0.2773215770721435,-0.3551859855651855,8.556160926818848,-36.250755310058594,40.166465759277344,-3.976439476013184,10.330037117004396,0.0211883261799812,-0.3842179775238037,-3.6261160373687744,-37.39048385620117,25.13012313842773,8.258308410644531,8.950722694396973,0.1494503021240234,-0.0701677799224853,7.935146331787109,-18.950029373168945,35.54431915283203,-1.3336011171340942,12.439546585083008,0.2585703134536743,0.308842658996582,-1.7273859977722168,-34.92217254638672,40.49473190307617,0.1880231800250033,0.1196653519932587,-0.5419051092593798,0.4487880954338257,0.1973045537474169,-0.2845206515856218,0.4735888683021053,-0.1382432924118662,0.1187297395403237,-0.2024219634830793,-0.1837238355294559,-0.1292370930415059,-0.4763347477349207,0.1920793701983806,-0.0371513958611259,0.162625637376342,0.3950164306982268,-0.1445251562472234,-0.060675989836455,-0.5000358335673813,0.4274477232247587,-0.1021682718294772,0.1661215997043731,-0.1473592841364365,-0.4962022820276313,-0.1013315841555605,-0.5898500941693786,0.2909337766468521,-0.0213257174394318,0.0686624311040067,-0.5204642599632939,0.1598488612132667,-0.0166779042837177,-0.2660991984632456,0.1320669196798309,-0.0043689333111672,0.0614257449032178,0.2406297637164223,-0.4509909367360429,-0.008911654818803,-0.1357160438783469,0.1865864025894552
classical.00004.wav,1,1705.7912693068984,261.0008012964182,0.455200148214208,0.1251397601044916,1680.7736103165057,979.262448395276,2584.042822355895,0.0007401164039038,0.0005808369605802,2.7279183864593506,17.2891902923584,0.000576049205847,7.667527825105935e-05,0.0074940011836588,3175.8060605785963,576.7012115180712,0.1576561533078452,-0.4141861933204329,3165.380859375,1776.4892578125,5221.8017578125,118.9271469116211,14.842458724975586,-0.0425622500479221,-0.1955242156982422,119.36753845214844,73.48896789550781,164.10943603515625,-35.60833740234375,11.934296607971191,0.1334644109010696,-0.3835079669952392,-35.89366149902344,-72.73600006103516,-2.3741793632507324,31.969566345214844,8.023746490478516,-0.3898139595985412,0.5889456272125244,32.213478088378906,-8.393230438232422,57.80120086669922,-16.524866104125977,8.713105201721191,0.1182583421468734,-0.1034204959869384,-16.531024932861328,-40.42950439453125,9.777181625366213,10.618956565856934,7.642781257629394,0.111033484339714,-0.2387857437133789,10.42893409729004,-11.44081687927246,33.27149200439453,-15.653264045715332,7.509894847869873,0.0536329708993434,-0.4268515110015869,-15.799276351928713,-36.431297302246094,6.539317607879639,7.425692081451416,10.44058895111084,0.1098759919404983,-0.1030983924865722,6.987139701843262,-24.028467178344727,38.777488708496094,-5.824160099029541,9.827930450439451,0.1435789763927459,-0.3080744743347168,-5.961447238922119,-32.83648681640625,23.63106155395508,8.266380310058594,9.837546348571776,0.097844049334526,0.1863164901733398,7.814475059509277,-20.166915893554688,38.46451568603516,-17.99113655090332,13.580632209777832,-0.0171144865453243,-0.1785452365875244,-18.07428741455078,-57.71111679077149,19.04893684387207,-1.1879281997680664,12.697096824645996,-0.1486168503761291,-0.2752401828765869,-1.0011911392211914,-39.62041473388672,38.87612915039063,-6.356529235839844,10.216320037841797,0.1076145470142364,-0.2960240840911865,-6.057974338531494,-36.91973876953125,27.31515884399414,0.1666190435408122,0.1303687625977429,-0.4234776239379887,-0.1680148943374191,0.1792476565341296,-0.2910263044724222,0.4717939845740374,0.0670953913499395,0.1958451627735946,-0.1050087624773036,-0.7152837954392361,0.0699734044902433,-0.3976177175232852,0.5428661401231138,0.0055555241018222,0.1917562642268294,-0.2643128321443097,-0.0042001646021763,0.0291281193494794,-0.6262622606009247,0.5405075661838052,0.0679067943341688,0.1859466822609542,-0.4101799565563102,-0.1934762700019399,0.0930793154984693,-0.5044596865773204,0.4933224171400068,-0.0326365556280886,0.0775031411165008,-0.0131143593252286,-0.295452556722275,-0.0359065254534028,-0.2382586591248321,0.1706659081681925,-0.0040032499070421,0.0721779508258992,0.259198260961664,-0.8691677356645542,-0.0085612814873457,-0.1520339385606342,0.1720412569120526
country.00007.wav,2,2898.7873676124145,614.276244170469,0.1259701243760918,-0.0823861689874916,2898.2564117792053,1430.0088244250533,4867.619603402328,0.0334918200969696,0.027809614315629,1.2168513536453247,1.2150912284851074,0.0260607078671455,0.0011228185612708,0.1577011197805404,6400.052966421972,1186.5338609985793,-0.5408495045624866,0.0976414823038869,6524.560546875,2767.0166015625,9043.9453125,64.90751647949219,18.35738945007324,0.4381451308727264,-0.0227782726287841,61.90224075317383,18.29812431335449,120.57525634765624,6.767101764678955,13.926511764526367,0.0483701452612876,0.1611347198486328,7.297740459442139,-35.040191650390625,56.368534088134766,26.357126235961918,10.722819328308104,0.0675926432013511,-0.193019151687622,26.359399795532227,-7.727928161621094,58.997825622558594,11.665422439575195,9.762289047241213,-0.0044373665004968,0.0490875244140625,11.635685920715332,-19.86050796508789,41.73885345458984,13.185628890991213,8.153298377990723,-0.3341130316257477,-0.059617280960083,13.798839569091797,-13.651352882385254,33.90882873535156,-1.979106903076172,9.339265823364258,-0.3981024026870727,0.4697699546813965,-1.17295503616333,-32.00475311279297,33.368408203125,8.582197189331055,7.567759990692139,-0.1515673249959945,0.0902910232543945,8.756333351135254,-16.687150955200195,28.49304962158203,0.4728952944278717,7.31995153427124,-0.2636546492576599,0.364363431930542,0.6072692275047302,-24.675655364990234,27.27859687805176,7.44109582901001,7.692902088165283,0.1472717672586441,0.790686845779419,7.660582542419434,-20.676239013671875,40.26534271240234,-0.4149093329906463,7.4301252365112305,-0.3866139054298401,0.1914825439453125,0.1673969030380249,-28.826364517211918,20.09198760986328,6.945586204528809,6.7740678787231445,-0.5659220814704895,0.6004748344421387,7.481345653533935,-19.79750061035156,25.269041061401367,3.660606622695923,6.428786754608154,0.3585628271102905,0.2564725875854492,3.1828463077545166,-15.997920036315918,25.527759552001957,-0.165907522060597,0.098848643420771,-0.4866180264404989,-0.1123750612243998,-0.1513853540801013,-0.4396619146161612,0.0658327894786343,-0.054839481743949,0.1201979783898273,-0.070651813340817,-0.1407101419180976,-0.0478297682349725,-0.379939680738684,0.2302466168407428,-0.0363942494121418,0.2150169372221688,0.3328450109319862,0.437874682111727,-0.0358391124755156,-0.5380067713558677,0.57397411763668,0.0958211661832573,0.2047206377689844,-0.3006325577458314,0.7130981080786323,0.0824223561212414,-0.549799455329776,0.5444985758513207,-0.009161127250129,0.0841624389375262,-0.2949023825695451,-0.786042458091655,0.0099842104945031,-0.1961344816414245,0.1800269482496846,-0.0143179096735295,0.0754632009821255,0.2363044224022065,0.1942610683629695,-0.0176920159719884,-0.1925753003451967,0.2039906596764923
jazz.00086.wav,5,4135.738578192063,735.5382013639513,0.0366830834930704,0.0215945353377136,4164.522558324023,1890.9448578748004,6332.974403592825,0.0819718167185783,0.0700981169939041,1.7863019704818726,3.68317985534668,0.0600459389388561,0.0027771645691245,0.4234603643417358,8257.483788156178,1094.274845106152,-0.5478363438008849,-0.4004541683940723,8473.3154296875,3972.8759765625,10034.47265625,22.76495361328125,27.97704696655273,-0.5027034878730774,1.4502363204956057,23.27735137939453,-88.01747131347656,106.68840026855467,10.472780227661133,15.438154220581056,-0.3125989437103271,0.0993857383728027,11.505386352539062,-44.89292144775391,48.06686019897461,24.154430389404297,10.770057678222656,-0.3960593342781067,1.7021207809448242,23.97354888916016,-21.253623962402344,57.58013916015625,10.140676498413086,10.086572647094728,-0.2271264940500259,0.9246950149536132,10.470372200012209,-27.41067886352539,42.66876983642578,2.9690418243408203,8.649374008178711,-0.3269592821598053,0.5775666236877441,3.621813774108887,-27.557323455810547,35.013126373291016,2.4916868209838867,8.798456192016602,-0.2521561980247497,0.9589030742645264,2.556488037109375,-29.10039520263672,34.78001403808594,0.4864096939563751,7.976153373718262,-0.0047718966379761,-0.3739809989929199,0.5932798385620117,-23.703350067138672,26.158164978027344,2.690116167068481,8.318798065185547,0.5185467004776001,0.7737514972686768,2.5301742553710938,-17.19976043701172,37.45703887939453,1.2295191287994385,9.253161430358888,1.5331417322158811,5.261203765869141,0.2599055171012878,-25.63580894470215,47.97221755981445,3.320345401763916,9.824872970581056,2.0648069381713867,7.268697738647461,1.7171931266784668,-18.634258270263672,60.47348403930664,-7.813256740570068,8.267457008361816,0.641352117061615,0.9930274486541748,-8.336647033691406,-28.4788761138916,26.17890930175781,1.1047308444976809,9.35228443145752,0.7034456729888916,1.4171910285949707,0.0093040466308593,-33.811885833740234,43.74114990234375,0.1303259028053489,0.1477941143289349,0.0583475360783255,0.828950729524939,0.1176735954505258,-0.464199529974828,0.5800474573637365,0.0947669383786792,0.1305349063450112,-0.2587224548930879,0.3023643018396926,0.0995359211312737,-0.2969169640580824,0.535611627533419,0.0681317116905288,0.1568010455655887,-0.077986317899609,1.6038997029147284,0.0701044648885725,-0.5769207663834097,0.7109252065420149,0.0071384821458784,0.1334374267276709,-0.3193191517496211,0.3798693971771643,-0.0023933965712796,-0.4935881160199649,0.3399839848279949,0.0034297575558655,0.0572685622730801,-0.4539561161702599,0.5711246466507776,0.0124251915485377,-0.2154054708305384,0.2655851630031561,-0.0108254557736188,0.0546870863185005,0.4158450512207748,1.430458455669795,-0.0128529174253344,-0.172089002095162,0.2125981487333775
country.00034.wav,2,2614.344099819735,889.6857368086131,0.8342264936862985,0.7620998123177385,2435.5768153006093,1064.2554653013287,6723.265577341895,0.0462574958801269,0.0603269785642623,1.909197211265564,3.465249538421631,0.0176541395485401,0.0007763064932078,0.3634219169616699,5435.626631380511,2000.6851472416129,0.1016050748251198,-1.3174007172721731,5383.30078125,1625.7568359375,9560.7421875,83.66914367675781,28.959491729736328,-0.0544708557426929,-0.5941793918609619,85.43504333496094,3.743192672729492,161.49468994140625,-8.426156997680664,25.066091537475582,-1.1030769348144531,1.0105156898498535,-1.0193164348602295,-92.51335144042967,54.73515319824219,13.954345703125,12.961668968200684,0.2701172828674316,0.6369996070861816,13.653694152832031,-30.966707229614254,58.79248046875,13.531211853027344,12.183113098144531,0.6868049502372742,0.7917783260345459,11.554636001586914,-19.66341781616211,63.332279205322266,3.766593217849731,14.575665473937988,-0.5562430620193481,0.3738110065460205,5.161041736602783,-50.93596649169922,36.35630798339844,3.0097830295562744,10.355997085571287,-0.2358168661594391,0.0559909343719482,3.403037548065185,-30.76890563964844,32.965721130371094,6.355865955352783,8.752012252807617,0.2749712467193603,0.2651140689849853,5.853262901306152,-18.444765090942383,36.65807342529297,2.07790207862854,9.403319358825684,0.2695527672767639,0.8210568428039551,1.8321913480758667,-30.422725677490234,46.267127990722656,2.068881034851074,9.318496704101562,0.2777779698371887,-0.0361604690551757,1.3474469184875488,-28.412052154541016,33.89079284667969,3.168486833572388,9.879178047180176,0.058531392365694,0.0658328533172607,2.9518468379974365,-31.67853546142578,33.442893981933594,-0.4843806624412536,8.670114517211914,0.1191174983978271,0.150902509689331,-0.8623605370521545,-28.61602783203125,26.419677734375,-3.025616407394409,8.936623573303223,-0.053606417030096,-0.2232489585876464,-2.7668111324310303,-30.91210174560547,23.088645935058597,0.0849047547652281,0.0547988192568452,0.2209706133654521,-0.3505096647755348,0.0803843849622654,-0.0677563202866454,0.2636530672339562,-0.0053916617632198,0.0646434100233391,-0.3219234986012333,0.7717254131469615,-0.006140373141065,-0.2226653023196879,0.1992219528167451,-0.024918571938541,0.0707577609565255,0.2710854075915457,0.2158167450756538,-0.0273687988519672,-0.2292669638991359,0.208705626428127,-0.0288076380790664,0.0716750493373286,0.026469808562919,0.1110290609050932,-0.0255389846861366,-0.2322038263082509,0.2025560140609736,-0.0068021799941598,0.0281692215561193,-0.3505304942850178,-0.324748201417723,-0.003281725321093,-0.094464005505924,0.0642115974999462,0.0043271248533526,0.0300334989035975,0.3082420149329248,-0.2086568907293067,0.0015159100294113,-0.0916036628186702,0.0969198318198323
disco.00096.wav,3,2481.7391879825063,608.2583877921826,0.572337352399761,1.106870922304675,2478.196676388933,979.5820343188374,5214.399613333903,0.0087603656575083,0.009578688070178,2.406933307647705,6.527829170227051,0.0055056693963706,0.000359524245141,0.0661554038524627,4956.558659458382,907.4861086854128,0.3127213886421696,0.6018659461451623,4909.5703125,2207.1533203125,8268.75,93.4715805053711,24.3026065826416,-0.2643817365169525,0.6166667938232422,93.56423950195312,-13.597311973571776,164.67868041992188,-24.21526908874512,19.76972770690918,0.4164811968803406,0.2977769374847412,-26.229434967041016,-87.40243530273438,47.1170539855957,61.42246627807617,12.851219177246094,0.0308623053133487,-0.101536750793457,61.0660400390625,23.081207275390625,99.35986328125,-22.84237289428711,11.106898307800291,0.1784721463918686,0.499744176864624,-23.27611923217773,-54.40840148925781,16.799152374267578,30.96756935119629,12.849557876586914,0.3701938390731811,0.6888537406921387,30.741432189941406,-4.74290657043457,77.26724243164062,-14.948222160339355,8.723052024841309,0.3399749994277954,0.1689121723175048,-15.451315879821776,-44.86004638671875,14.915127754211426,20.224098205566406,9.002974510192871,0.0080883251503109,0.1779589653015136,20.439563751220703,-8.634221076965332,48.1689338684082,-9.285204887390137,8.984804153442383,-0.2412088811397552,0.2142665386199951,-8.890069961547852,-36.233673095703125,17.36272430419922,15.777141571044922,7.913482666015625,0.2250203937292099,0.1863472461700439,15.398635864257812,-9.653814315795898,41.77353286743164,-8.730884552001953,9.850955963134766,0.1047912836074829,0.5079488754272461,-8.88253402709961,-41.602325439453125,25.114482879638672,11.959778785705566,7.724006652832031,0.3223262131214142,1.1919989585876465,11.98388385772705,-11.763689041137695,49.1872673034668,-5.319779872894287,8.45908260345459,0.1083248332142829,0.5664916038513184,-5.669744491577148,-35.27662658691406,27.28477478027344,0.0337800023551015,0.0480248904131661,0.2011984947450469,-0.4193741598733718,0.0297589595061521,-0.1044624408798766,0.1748215063487721,0.0283106655577298,0.0505610423441039,-0.1092570637467766,0.6181027296722594,0.0284506575801082,-0.1661978970956625,0.186619628613545,0.0170840576250746,0.0779602691196565,0.182860153732617,-0.4212094658373257,0.004750240594148,-0.1884329132735734,0.2115499079227442,0.012676016928171,0.0619303014029676,0.0525327799373095,0.828307811569529,0.0106021799147123,-0.1806540377438074,0.2125143706798549,-0.0029026436765424,0.0260176075027091,-0.1731850583376684,0.031252510027294,-0.0008249851059765,-0.0942382605038691,0.0781695313947627,-0.0003746528983726,0.0259718317841917,0.0401090653605211,-0.0925070541529846,0.0006832480430603,-0.0703866137191651,0.0918282084167003
reggae.00094.wav,8,2022.4897299646068,738.5924420144188,1.8912506332805616,4.175023556258045,1862.5027139286249,910.9439158075731,5311.355187720537,0.0205867290496826,0.0389740467071533,4.12925386428833,19.063173294067383,0.008476753719151,0.000356389384251,0.2910048365592956,3834.3673529038574,1546.1450437905105,1.8874184223370387,3.485796050481241,3574.51171875,1733.4228515625,9388.4765625,108.8294677734375,28.80138397216797,-0.6570423245429993,0.3213565349578857,111.9834442138672,16.031497955322266,174.1268768310547,-24.920455932617188,18.41226577758789,0.607162594795227,0.5560734272003174,-26.62384796142578,-70.04399108886719,46.23212432861328,21.306020736694336,13.744650840759276,-0.0598941929638385,-0.0728309154510498,22.077930450439453,-15.294779777526855,60.55412292480469,12.562688827514648,10.582322120666504,-0.9126461744308472,1.2310376167297363,13.987464904785156,-35.57478332519531,37.80338287353516,7.773273468017578,10.00184154510498,-0.1663053631782531,0.0114166736602783,7.697505950927734,-21.386777877807617,40.22566986083984,-3.2863528728485107,9.610147476196287,0.8163480162620544,1.0590176582336426,-4.840165138244629,-26.482908248901367,33.85740661621094,3.531932830810547,8.462985038757324,-0.5518131852149963,0.0033183097839355,4.626893997192383,-25.09273147583008,24.005035400390625,0.6895101070404053,8.506340980529785,0.1629965454339981,0.3495676517486572,0.3846594095230102,-27.392240524291992,31.1185302734375,4.194190502166748,7.283540725708008,0.2337066382169723,0.2147727012634277,3.965333938598633,-19.7790641784668,31.43594741821289,-9.668842315673828,7.380290508270264,-0.1902708113193512,-0.1701419353485107,-9.265771865844728,-35.66618347167969,14.58954620361328,4.263904571533203,6.506811141967773,0.1401464641094207,0.3584411144256592,4.141302108764648,-18.472244262695312,26.955286026000977,2.458040952682495,6.856982707977295,0.1234855875372886,0.0340855121612548,2.234124183654785,-19.86016082763672,23.147422790527344,-0.169948837772215,0.0990186328222406,-0.6042142009256323,0.2302997195481642,-0.1564581788315427,-0.5015158132422703,0.0854409203907751,-0.0056297563675334,0.0684187493400884,-0.6792181591024936,0.3647837443665036,0.004757352038098,-0.2453757889476302,0.1722207051508869,0.1655820821839033,0.1399199191751368,0.6631338085387293,-0.1613650984086549,0.134145537391304,-0.1271121315658102,0.559245707467198,0.0040067917691097,0.1721790859509053,0.4805977942387821,0.0113167328316117,-0.0086020752787594,-0.3969762492924933,0.4724630117416377,-0.0065202940027778,0.0576374767255116,-1.0058833908080456,0.2626530324118907,0.0105653338945907,-0.1836373414852878,0.1094849355060969,0.0234677050770847,0.063936141812992,0.4591167319054367,-0.3214830651871234,0.0193170034326613,-0.1071314103901382,0.2038398794829846
reggae.00047.wav,8,2478.0490601146844,788.7147701744764,1.2981059361888176,3.086383477618204,2389.918896977958,935.3638298402172,6191.996384261946,0.0268246289342641,0.0395213551819324,3.267380714416504,13.222909927368164,0.0128369824960827,0.0003093704290222,0.3553646802902221,4759.937033243909,1126.3910395674466,0.565736858073803,0.4585531788195114,4715.771484375,1981.0546875,8688.6474609375,69.64920806884766,33.08375549316406,-1.0002310276031494,2.1846632957458496,73.83229064941406,-81.14817810058594,151.901611328125,-9.967759132385254,25.19501304626465,0.0100288772955536,-0.2137305736541748,-9.611888885498049,-80.5106201171875,69.86443328857422,52.151145935058594,20.653949737548828,-0.5542181730270386,1.0020718574523926,55.0416259765625,-17.665983200073242,125.56632995605467,3.252592802047729,17.879619598388672,0.0800314843654632,-0.1286406517028808,3.157967567443848,-51.591552734375,57.2109603881836,4.55845308303833,12.248794555664062,0.472237765789032,0.9817821979522704,4.221893787384033,-28.78933334350586,54.84751129150391,-3.496384620666504,13.557456016540527,-0.0955689772963523,-0.3787524700164795,-3.6585378646850586,-41.626441955566406,32.6499137878418,2.917757749557495,12.519247055053713,0.3735642731189728,-0.0174696445465087,1.9476767778396609,-29.752904891967773,44.03633880615234,-6.563016414642334,12.079298973083496,0.0222585350275039,-0.2091772556304931,-6.558237552642822,-44.08169555664063,30.075029373168945,-2.655315637588501,11.44974136352539,-0.1214963942766189,0.0449202060699462,-2.888344049453736,-41.75620269775391,27.88552665710449,-1.7345279455184937,10.007781982421877,0.0863564610481262,0.0733425617218017,-1.3519893884658811,-31.337974548339844,34.13694763183594,-6.945273399353027,9.800933837890623,-0.0365277752280235,-0.3924450874328613,-6.848052024841309,-36.22418975830078,18.34001350402832,-5.833262920379639,9.235153198242188,0.1608681976795196,-0.174100637435913,-5.866134166717529,-32.198246002197266,27.890186309814453,0.0492820284779845,0.0628751007956012,0.1565023701174859,2.039616204499797,0.045151910538689,-0.2120656499511594,0.3795245935866752,0.0400569726040301,0.0894492194966978,0.7704422131455044,2.689158911979921,0.0289975973574623,-0.2787480507169332,0.4371062916865609,0.0360723317262974,0.1256548683359493,0.0439170826843939,0.2012524510185267,0.0423955246806141,-0.3630835898220543,0.4472531303763385,0.0019995894121709,0.12939250685699,0.1220317552326947,-0.3116621054514805,0.0041200742125505,-0.3660908248275525,0.3782482817769047,0.0021047847012914,0.0488329743266887,0.1974418262881822,0.0759160285942353,0.0016260818434125,-0.1288195138256084,0.1648634510336299,-0.0107395149290572,0.0421983375713369,0.4565669708013186,0.459855634231793,-0.0125441364943981,-0.1206878856755793,0.1594310207292439
metal.00013.wav,6,3047.6177641277013,340.9332343843745,0.9950859185985276,2.280581311523981,2998.0410025317137,2236.7050081097977,4984.755238672435,0.0288737881928682,0.0124627938494086,1.343119978904724,3.739856719970703,0.0275257993489503,0.002881585387513,0.0914844051003456,5735.609297962587,544.07585263917,0.6665239070789302,0.3073966230556482,5684.765625,4478.90625,7902.685546875,64.64409637451172,15.276168823242188,-0.4441799521446228,0.638535737991333,65.74034118652344,-19.269508361816406,102.95687866210938,-36.3244743347168,10.96023941040039,-0.0898468643426895,0.6690511703491211,-35.94987106323242,-71.24767303466797,2.481767177581787,65.3685302734375,12.22239112854004,-0.6311823725700378,-0.2129554748535156,67.7523193359375,28.723546981811523,92.70703887939452,-13.865839004516602,8.207300186157227,-0.6929036378860474,0.5426483154296875,-12.659188270568848,-41.98567199707031,7.966951847076416,22.854402542114254,7.650171279907227,0.1132984459400177,0.1429507732391357,22.53225326538086,0.1456688344478607,48.26704406738281,-15.553912162780762,8.798151969909668,-0.0815380960702896,0.3402690887451172,-15.571450233459473,-55.98579406738281,10.521574020385742,36.28621292114258,7.790730476379394,-0.3419150710105896,0.6448113918304443,36.48259735107422,4.345967769622803,63.44689178466797,-13.659294128417969,6.5988311767578125,0.3290264010429382,0.7234158515930176,-14.199265480041504,-39.96661758422852,8.420051574707031,21.25470733642578,6.362978458404541,0.0904990062117576,1.3293991088867188,21.05034637451172,-14.254891395568848,47.24813079833984,-9.240200996398926,5.604862689971924,0.2176293283700943,0.5244941711425781,-9.29603672027588,-25.23889923095703,15.908687591552734,19.16221809387207,5.1871337890625,-0.1652123779058456,0.2721560001373291,19.382495880126957,2.532963275909424,39.797401428222656,-10.595865249633787,5.287172794342041,0.2692403495311737,0.3140792846679687,-10.834077835083008,-30.97461700439453,10.83251667022705,0.0435836916648194,0.047826165138139,-0.1644350724298559,-0.1973590702084506,0.0468115241638338,-0.1014401227424745,0.1695296002763876,0.0366613448690156,0.0523648272475641,0.0964777334458662,-0.222469432400532,0.0355842083244254,-0.1271311534228429,0.1742851437367643,-0.0203035774583839,0.0709315972440131,0.4446767801749661,-0.7216454074033383,-0.034023299813271,-0.1701865829527384,0.1680227108299727,-0.0293743205642112,0.0513027101471549,0.1665316754135081,-0.0828471478075063,-0.0321956351399428,-0.1661478877067569,0.1229114681482309,0.0064745998897009,0.026218366331147,-0.1314100910329634,-0.5437690460521418,0.0088814111955658,-0.0613278395907429,0.0677169982183378,-0.0053489631062051,0.0273311721952825,0.4048439366762966,-0.4027620635980717,-0.0087113296613096,-0.0659047923982142,0.0677364189177751
blues.00013.wav,0,1324.5278253934116,414.19425910284,0.6913391667252086,-0.1530701822397255,1258.2263841049228,633.7647090936443,2691.1980321172487,0.0011992462677881,0.0012902210000902,2.7805488109588623,11.316865921020508,0.0008450305904261,4.740063377539627e-05,0.0101698068901896,2711.4849187935038,1037.4750877320284,0.1295492574713546,-0.4932790600371275,2863.916015625,581.396484375,5792.431640625,124.46475982666016,23.279464721679688,-0.5784783363342285,-0.2567307949066162,129.23622131347656,50.64503479003906,175.9283447265625,10.309393882751465,25.73226928710937,-0.5427475571632385,-0.20074462890625,14.472747802734377,-75.74506378173828,61.64186096191406,47.016357421875,12.182557106018066,-0.102945290505886,0.3781492710113525,46.697845458984375,0.2591622769832611,87.45353698730469,6.478226184844971,10.094635009765623,-0.5627643465995789,0.5990509986877441,7.773102760314941,-34.48749542236328,39.497108459472656,15.415120124816896,12.090126037597656,-0.20001220703125,0.0146393775939941,15.97170352935791,-22.854412078857425,53.17272567749024,-2.015941381454468,8.332612991333008,-0.3002283573150635,0.7580702304840088,-1.7861571311950684,-33.64820098876953,25.959453582763672,6.726218700408936,8.71892261505127,-0.1774775385856628,0.5662450790405273,6.817521095275879,-34.05921173095703,36.98035430908203,-21.543222427368164,9.819252014160156,-0.410735934972763,0.3778457641601562,-20.962440490722656,-61.130821228027344,0.7180798053741455,10.720834732055664,9.79083251953125,1.026357650756836,1.359482765197754,8.82070541381836,-12.006659507751465,49.489051818847656,-5.532846450805664,9.521119117736816,0.3074751496315002,-0.0060174465179443,-5.978801250457764,-31.17745018005371,25.32474136352539,-2.195727586746216,7.69403600692749,-0.0672435089945793,0.0923404693603515,-2.264749050140381,-29.513935089111328,20.22745513916016,-3.0491857528686523,7.232870101928711,0.248194471001625,0.2223496437072754,-3.495705366134644,-27.52416610717773,21.71111488342285,-0.0780256747643533,0.0712322674383403,0.4660307251497743,1.877058312186774,-0.080900653930237,-0.3575472114641527,0.2594217488365087,0.0129367293567251,0.0547906088905191,0.0875785820021231,2.761681226087524,0.0136669616579082,-0.2267030922908706,0.2889365626253554,-0.0036303268620216,0.0777842447168367,-0.6841760767637085,1.967432838298345,-0.0017476342618473,-0.3337779492139819,0.2583632245659826,-0.1101042418758697,0.1165471187227443,0.090556108648086,-0.4707004325705517,-0.1141607314348225,-0.5214727483689787,0.1998643390834327,-0.0060584082022959,0.0343072687573948,0.2233943561724448,0.9517698080080864,-0.0066979313977065,-0.128894093799348,0.1587143746232692,-0.0464190343392714,0.0344420341945091,-0.068334945439632,-0.0462621371305282,-0.0448898281902075,-0.165210374630987,0.0671291290782393
reggae.00096.wav,8,1630.1610182177446,715.29760093014,0.2302697621026958,0.1780661540008346,1632.5303328702144,218.48366414428057,4450.798246579844,0.0033600761089473,0.0070389467291533,9.776634216308594,136.47784423828125,0.0014418518403545,1.7573523791725163e-06,0.1203073635697364,3183.699903023492,1194.34326428757,-0.8399891516014257,1.2743528700043143,3445.3125,107.666015625,7558.154296875,116.62673950195312,27.33700942993164,-1.2449390888214111,2.895747184753418,120.7158660888672,-25.43755149841309,171.9537353515625,-44.22053527832031,30.060226440429688,0.5338892340660095,-0.1358392238616943,-48.81673812866211,-111.64509582519533,41.46538925170898,70.51435089111328,15.16315460205078,0.4599878489971161,0.7619102001190186,69.07911682128906,25.531251907348636,139.3949737548828,2.3173787593841557,19.784135818481445,-0.4109019041061401,-0.3045687675476074,4.616758823394775,-57.6616325378418,46.28328704833984,16.009483337402344,11.44497013092041,0.0860377624630928,0.3070073127746582,15.876691818237305,-20.532451629638672,55.71159744262695,12.503331184387209,12.540809631347656,0.0778480470180511,-0.442537784576416,11.917398452758787,-26.713584899902344,47.743141174316406,4.093496799468994,10.983366012573242,-0.7941078543663025,1.234999656677246,5.611180305480957,-48.107269287109375,36.26617431640625,5.32148551940918,9.99621295928955,-0.279424250125885,0.1578438282012939,5.497570991516113,-30.249462127685547,33.47496795654297,4.5174102783203125,9.176173210144045,0.4955339431762695,0.2253475189208984,3.5867741107940674,-19.07041549682617,38.07109832763672,7.29841136932373,8.437986373901367,-0.2077429443597793,0.0399649143218994,7.746950149536133,-22.68509101867676,37.37223434448242,7.585031032562256,7.937838077545166,0.5253964066505432,0.4405825138092041,6.800530433654785,-14.8229398727417,36.632362365722656,2.908709526062012,7.635786056518555,0.0705414488911628,0.4327037334442138,2.3405239582061768,-23.72032928466797,31.059955596923828,0.0806172914981008,0.1047981432345429,0.3496824747298485,2.279863997607661,0.0789307026891625,-0.2100979674365475,0.5344233967183855,0.0767039309455412,0.1273502382834268,-0.0833650394613833,-0.2309296711822628,0.0757227641995905,-0.2833920287171991,0.4465812579326622,0.0553732825917092,0.1851121859777196,-0.6429608792303741,0.6325498081156291,0.0829774737358087,-0.4832696523517374,0.5581875573843714,0.0904794620646758,0.169012918768949,0.721426482286505,0.0044651003435687,0.0444965325295923,-0.2229690104722981,0.6702745370566843,0.0255755624403325,0.0839762855667722,-0.0778011777853028,-0.2906963595434271,0.0211093837673899,-0.1899405356998844,0.2575881844148044,-0.0196775621723755,0.0591773731222277,0.8802253573454689,1.4211616803206857,-0.027160273864865,-0.1738875205628572,0.1845873054116965
rock.00031.wav,9,2639.1039097541798,779.07103651494,1.2219516210797017,2.8663078750621898,2512.5714231435013,1135.0245474336707,6952.275636503512,0.0469594001770019,0.0575118325650692,3.107858180999756,13.31279754638672,0.028114790096879,0.001073207356967,0.5034205913543701,5302.99675536543,1612.5006736548517,0.4621837269620965,-0.567917495870768,5006.4697265625,1819.5556640625,10109.8388671875,81.38933563232422,29.869911193847656,-0.1906619518995285,0.2287633419036865,80.36773681640625,-35.82416534423828,168.151123046875,-12.564247131347656,24.96955299377441,0.0530320070683956,-0.2981245517730713,-12.698616027832031,-82.90345764160156,67.25540161132812,22.778366088867188,13.884016036987305,0.6304686069488525,2.326678276062012,22.49485206604004,-21.4364070892334,93.46826934814452,-7.0668625831604,12.312661170959473,-0.0867377370595932,0.0609865188598632,-7.0119218826293945,-45.807891845703125,31.807666778564453,-0.4951876103878021,12.41702365875244,-0.4941734373569488,0.279238224029541,0.3628771305084228,-42.57231521606445,28.241310119628903,2.7513537406921387,12.311515808105469,0.2044278085231781,-0.0405848026275634,2.542531967163086,-30.272809982299805,46.168907165527344,-3.445702314376831,8.996508598327637,0.1810447424650192,-0.2132542133331298,-4.179671764373779,-28.946971893310547,25.520492553710938,-7.710487365722656,8.753774642944336,-0.1805199682712555,0.4398965835571289,-7.402557849884033,-38.98066711425781,20.984851837158203,-0.8437490463256836,9.267446517944336,0.4480181932449341,0.9953324794769288,-1.3350986242294312,-31.90272331237793,36.41807174682617,-4.883028507232666,7.961216449737549,0.1649132370948791,-0.1322920322418213,-5.53954553604126,-31.38783836364746,23.219491958618164,-2.686931610107422,8.778827667236328,0.0030950692016631,-0.2242829799652099,-2.98781156539917,-27.01694679260254,22.70026397705078,-5.292617321014404,7.94112491607666,0.1314473748207092,-0.0441408157348632,-5.690178394317627,-32.59912109375,19.01947021484375,0.0443343168366489,0.0675355127918643,0.4974148719509895,1.421926506977842,0.0363858300624656,-0.2111396822394118,0.2908007402598661,0.0412921467568754,0.0664774029717392,0.1340484073071437,1.1236113780589836,0.0372127888994364,-0.2353742802754393,0.264951236713413,0.0608512366713475,0.0760937869751831,0.7346755185880679,1.6396170091159927,0.0540367253124709,-0.1212182529270654,0.3775169346481557,-0.0201679800910056,0.0967443096079623,0.2000308243318627,1.370053357458275,-0.0183005742728715,-0.3389076963067058,0.3962040003389117,-0.0014363136304569,0.0265928699964276,-0.2406362642396397,1.0224585728943252,-0.0008102833306452,-0.0983674978447528,0.0837111038000581,-0.0104119909656423,0.0297886928760554,-0.3415348278024944,0.8127817897495153,-0.0085815778002142,-0.1168828457593916,0.0997804328799249
reggae.00014.wav,8,1716.049796287713,959.0622671471724,1.1241278042626184,1.9477542685507216,1587.795925198246,287.9336346756741,5831.873342786672,0.0055327378213405,0.0122244711965322,3.79102087020874,16.761703491210938,0.0012111014220863,5.696014341083355e-06,0.0994216725230217,3790.5515312318735,2175.4906606217905,0.3247237846465814,-0.9404147838129284,3337.646484375,215.33203125,8376.416015625,105.26065826416016,36.13474655151367,-0.4768303334712982,0.3585867881774902,109.21229553222656,-33.29557037353516,188.084716796875,2.570521354675293,28.50884246826172,0.4323807060718536,-0.1483235359191894,0.512520432472229,-58.427520751953125,97.5826416015625,34.898067474365234,20.096927642822266,0.1845112890005111,-0.2341837882995605,33.876617431640625,-25.209857940673828,107.25202941894533,15.32688808441162,18.696685791015625,-0.0916245654225349,-0.2033145427703857,15.345541000366213,-36.33577346801758,65.4518814086914,25.199398040771484,13.572468757629396,0.1155533194541931,-0.0460197925567626,25.299060821533203,-14.472370147705078,65.35212707519531,-6.063226699829102,17.08820152282715,0.2381014227867126,-0.4828622341156006,-7.044717311859131,-45.94870376586914,37.914459228515625,18.24307632446289,14.695192337036133,-0.0870940685272216,-0.108058214187622,18.408859252929688,-23.57314682006836,66.16825866699219,-5.073920249938965,14.44827365875244,-0.3481276929378509,-0.0938940048217773,-4.103734493255615,-47.33131408691406,33.59052276611328,8.950725555419922,11.245874404907228,-0.0814549922943115,-0.4495260715484619,9.442439079284668,-28.65389633178711,38.50057220458984,-1.0186209678649902,11.175045013427734,-0.0404315888881683,-0.5250470638275146,-0.8978175520896912,-33.63106155395508,29.16760635375977,8.250102996826172,9.512224197387695,-0.150202140212059,-0.0001094341278076,8.529058456420898,-22.82266998291016,34.257835388183594,-4.027716636657715,9.841845512390137,-0.2987879812717438,-0.178011417388916,-3.234546899795532,-39.51536560058594,21.786659240722656,0.0913674820629759,0.0794713213803407,0.4410397775445362,-0.2615573873933083,0.0790590586959058,-0.132912240966858,0.342475474363226,0.0231122173051767,0.0793170495486677,1.1781224837238184,2.2333027424424783,0.0102170698813671,-0.1320011301782621,0.3871772969617674,-0.0637853608422749,0.1584528073579711,0.263155174587865,-0.1379910320969246,-0.0636146627366549,-0.4153811391443021,0.4605629835277792,0.0324453945183073,0.1193337002713442,-0.1407908879253634,0.9692998443256564,0.0369727574288841,-0.3269819375127556,0.4712372645735733,0.0006463126894106,0.0432321821568168,-0.3279779499567338,1.2337303170931817,0.0035693100487456,-0.1323240337924824,0.1431771693764091,0.019329599940347,0.0500006540710537,-0.126941840133347,-0.2823564709658726,0.0192378526553512,-0.1346554961055511,0.1375800431706011
country.00074.wav,2,1534.0502230522666,673.0358908076437,0.8013747458811753,0.8946452146232202,1454.0333304651615,483.50884715743376,4949.568911995528,0.0022750145290046,0.0041544414125382,6.735716819763184,67.97258758544922,0.0009931965032592,1.3592213690571953e-05,0.0585726872086524,3117.759672726944,1396.5650028322011,0.5356783492591979,-0.1645378616230202,2971.58203125,872.0947265625,7934.9853515625,130.93798828125,28.90517807006836,-0.5813437700271606,0.0440385341644287,136.02978515625,15.565814971923828,189.63327026367188,-18.50727081298828,22.405906677246094,0.111782282590866,-0.4264273643493652,-20.64822196960449,-88.61070251464844,40.30968475341797,33.301239013671875,19.232627868652344,-0.282520979642868,-0.5775527954101562,36.57506561279297,-15.858888626098633,83.79637145996094,-3.9344985485076895,21.127988815307617,0.1317158490419387,-0.668900728225708,-4.311560153961182,-52.74615097045898,53.88494110107422,15.381376266479492,11.22354221343994,0.1466995477676391,-0.2709171772003174,14.76250457763672,-16.335569381713867,52.21794891357422,-6.393796920776367,15.39487075805664,0.0343974493443965,-0.265805721282959,-5.600590705871582,-45.3171272277832,38.4503173828125,2.9486026763916016,11.475349426269531,0.3315761983394623,0.2224688529968261,2.3714962005615234,-33.77530670166016,47.44065856933594,-16.781152725219727,12.444863319396973,-0.5521067380905151,0.0020663738250732,-14.966480255126951,-56.74959564208984,11.821525573730469,7.079056262969971,13.542208671569824,-0.0886488109827041,-0.5740618705749512,7.361897945404053,-29.25859832763672,42.536766052246094,-8.595192909240723,11.295611381530762,-0.3584004640579223,0.0821001529693603,-7.602089881896973,-56.35429382324219,20.658824920654297,4.799718379974365,8.483146667480469,0.1602293848991394,-0.1719942092895507,4.266744136810303,-18.51314163208008,29.05420684814453,-12.249361038208008,10.936759948730469,-0.542883574962616,0.3204994201660156,-11.42116641998291,-52.38466644287109,12.95572280883789,0.217295596477235,0.1473665896120468,0.7319643061269765,-0.1928039974972675,0.1819767544799652,-0.0842581707346618,0.6435497159815824,0.2002363553644029,0.1488934592721368,0.5816436242302833,-0.5089030553742449,0.1761246757159943,-0.1130954470884981,0.6414822592575761,0.131088635983624,0.1903028508934941,0.7060298626208574,-0.0927542845267437,0.1050017625093456,-0.2353948764503004,0.6239409875124692,-0.0473017659087284,0.2389114568990286,0.6111975072270057,0.8413877755112908,-0.0809954367578034,-0.6501185707747941,0.6875745877623556,0.0049643847482302,0.0824597402021426,-0.6421055826327384,1.1272235413044465,0.0098210778919964,-0.2618832643628641,0.2297121198187527,-0.008369336052915,0.0902639290085852,0.6674716042314818,0.5575965323445682,-0.0182044603861868,-0.1955071885604405,0.2946890241000802
reggae.00051.wav,8,4274.292787312002,1580.924040696404,-0.4402477373979371,-0.7776665928845299,4606.967216109573,567.0702645112544,7647.304348068797,0.1317189186811447,0.1174541115760803,0.7186420559883118,-0.1974027156829834,0.1161969974637031,4.018396430183202e-05,0.4916758835315704,7674.580146099188,1870.499665442568,-1.6431374583131786,3.361825220286164,8042.6513671875,161.4990234375,10195.9716796875,-1.471577763557434,50.26097106933594,0.0649049505591392,-1.0939362049102783,-2.759495258331299,-113.74258422851562,121.734619140625,22.345401763916016,27.681188583374023,0.8448461294174194,1.01287841796875,16.597612380981445,-57.159812927246094,107.956787109375,30.435306549072266,19.93719291687012,-0.0955947265028953,0.1305515766143798,31.520904541015625,-24.59723281860352,91.2768325805664,2.1002306938171387,13.613486289978027,-0.5942731499671936,0.33388352394104,4.443676471710205,-48.36627197265625,37.04393005371094,28.603309631347656,10.16103172302246,0.1006941422820091,-0.2862253189086914,28.501882553100582,-6.498610973358154,55.98186492919922,16.997474670410156,11.41347312927246,0.262678861618042,-0.7254312038421631,14.849475860595703,-12.43528175354004,44.798370361328125,13.430587768554688,11.949488639831545,-0.0090569537132978,-0.7743699550628662,12.82259464263916,-20.48283576965332,43.98573303222656,8.50512981414795,8.288814544677734,-0.1287478059530258,-0.7152526378631592,8.682315826416016,-16.01151466369629,27.972631454467773,6.496806621551514,9.614758491516112,-0.2492287009954452,-0.6255993843078613,7.431439399719238,-19.97902107238769,29.761648178100582,9.778131484985352,7.729580402374268,-0.237497478723526,0.1365628242492675,10.63420295715332,-11.553339004516602,35.737396240234375,10.906737327575684,7.621270656585693,-0.1139627695083618,-0.6889774799346924,11.396827697753906,-9.033527374267578,31.9803466796875,2.177259683609009,8.082428932189941,0.0204825066030025,-0.3646931648254394,2.153000831604004,-21.25567054748535,22.502769470214844,-0.0030625754039849,0.0164215972056174,0.4113660276417649,3.020439662909192,-0.0025634474477349,-0.0520560189630335,0.0904848765870714,-0.0083353303891759,0.0138785733973464,1.1973930143278444,5.815783087407818,-0.0081168592775193,-0.0495557877002952,0.0681861607524618,-0.0157478189762836,0.014660644536167,0.0791421167567191,1.3575191075287352,-0.0134623795747761,-0.0632955245673662,0.0496373400092119,-0.0197594092045289,0.0134426801584057,0.2224765510635034,-0.0218169790800657,-0.0203020907938484,-0.0582546144723898,0.0215958803892129,-0.0068573337547126,0.0087235052022586,0.3128586197843748,1.6915462200466944,-0.0063448242416824,-0.0292254323793516,0.0263819615931349,-0.0027736089709491,0.0096795746120839,0.3946069246355584,0.5430254675948447,-0.0038087218999862,-0.0372559316456317,0.0310396254062653
classical.00051.wav,1,1527.645526468431,482.0758214439876,1.3122370214298842,1.5173558238588276,1381.997769303808,769.0061963940982,3287.1391425186903,0.0082460464909672,0.0133015168830752,3.181240558624268,11.724635124206545,0.0028288764879107,0.0001312175154453,0.0933923721313476,3220.8305240784634,1235.0591897737131,0.7565585622878652,0.0894580076381013,3079.248046875,979.7607421875,6879.8583984375,119.15338134765624,33.98575592041016,0.4038064777851105,-0.952061891555786,112.17292022705078,52.59211730957031,199.75831604003903,-1.0512242317199707,32.913143157958984,0.265506237745285,-1.603379726409912,-16.10531997680664,-59.034454345703125,52.69362258911133,28.384490966796875,9.796866416931152,0.0914364531636238,-0.5051915645599365,27.550582885742188,-2.2264950275421143,52.44521331787109,10.008779525756836,11.76470184326172,0.2110837250947952,-0.807530403137207,9.68864631652832,-15.17685317993164,39.61109161376953,16.125823974609375,8.610857963562012,0.4104841351509094,-0.823662281036377,13.95958137512207,-4.426185607910156,37.30158233642578,4.793945789337158,8.146454811096191,0.5183464288711548,-0.3936350345611572,3.4877355098724365,-16.12177276611328,29.046554565429688,6.192378520965576,6.004945278167725,0.4097635149955749,0.2914083003997803,5.69548225402832,-13.775671005249023,24.756893157958984,0.9515957236289978,5.833868503570557,0.2506231069564819,0.1694812774658203,0.5293604135513306,-16.36853790283203,20.20143318176269,5.915186882019043,6.395124912261963,-0.0895083546638488,1.6246051788330078,5.696166038513184,-19.40321350097656,27.28026390075684,-1.1755237579345703,7.441020011901855,0.340110033750534,0.9307777881622314,-1.537339210510254,-23.54957389831543,24.295101165771484,3.5739166736602783,6.33303165435791,-0.3678281307220459,0.487314224243164,3.8770694732666016,-21.75796890258789,20.740386962890625,-2.09965443611145,6.271151065826416,-0.3854436874389648,1.2642617225646973,-2.070906162261963,-29.062957763671875,15.385193824768066,0.0853506155259922,0.1039834241150678,1.2541427399582077,1.6722125985192493,0.0687969583431282,-0.0974239431405388,0.4205438020040154,0.0091012976865506,0.0909625480501064,-0.0288609601020492,-0.3390370196860082,0.0110578203270682,-0.2147199827894652,0.2414161437065032,0.0099569832323687,0.0771318877086341,-0.2734606673367534,-0.3146475198835561,0.0116331279277796,-0.2343893535435206,0.1791748479008669,-0.048222032094507,0.1558340479922912,-0.7437194662019025,0.36740546723715,-0.0081158038228754,-0.4918271452188494,0.3217917531728738,-0.0051525948385977,0.0611863111316211,-1.1484181602174144,0.982139771409888,0.0062965417983726,-0.1952814467772967,0.0887354976237763,-0.0067729230655858,0.0402549492150983,-0.1972044881478977,0.0376183291563174,-0.0057261530309914,-0.114745077677071,0.0982097666710616
disco.00007.wav,3,3099.082006241359,738.1639981990336,0.4687754581092918,-0.1339144566780663,2982.5567715635684,1506.8082684388826,5880.197916135508,0.0640196949243545,0.0538862608373165,1.2988367080688477,1.6248836517333984,0.0488084033131599,0.0028527139220386,0.3010057806968689,6098.201459632395,1306.7773195171478,0.317551419279501,-0.5142878896845371,5943.1640625,3025.4150390625,9808.3740234375,56.16560363769531,27.930816650390625,-0.1680364608764648,-0.5064120292663574,58.427978515625,-15.87514305114746,138.46852111816406,-6.337501049041748,18.073776245117188,-0.1522173732519149,-0.2778913974761963,-6.209976196289063,-72.99957275390625,48.28672409057617,31.602523803710938,17.835247039794922,0.0943426117300987,-0.4948420524597168,29.875886917114254,-18.137435913085938,74.97533416748047,4.648096084594727,11.47143840789795,-0.4138103127479553,0.7019059658050537,4.967653751373291,-45.085716247558594,37.61761474609375,16.339651107788086,10.281968116760254,-0.1528350114822387,0.277198314666748,16.267850875854492,-23.12311172485352,51.1402587890625,4.108209609985352,9.299452781677246,0.191272497177124,-0.2184469699859619,3.457512378692627,-21.56243896484375,35.81819152832031,1.8778181076049805,9.42292022705078,-0.2515343725681305,-0.1863815784454345,2.16607928276062,-37.536895751953125,23.500873565673828,-0.3853498697280884,7.610933780670166,-0.0289314147084951,-0.3162543773651123,-0.3980700373649597,-24.54102897644043,19.95513343811035,2.498018503189087,6.982025146484375,0.1714891642332077,0.8814013004302979,2.615792751312256,-21.42984390258789,37.77355194091797,-0.5452887415885925,7.670957565307617,-0.2067365795373916,-0.304182767868042,-0.1074347198009491,-24.08069610595703,21.79339599609375,0.9600377678871156,7.019445896148682,-0.0391482599079608,-0.0619304180145263,1.1048405170440674,-23.774810791015625,23.71549224853516,0.4909866750240326,6.446591854095459,-0.2978907525539398,0.3023378849029541,0.8033682107925415,-23.57816696166992,19.401416778564453,0.0405379247238805,0.0502942394526654,-0.4889841242941831,1.615293732445526,0.042195642550441,-0.1939610122123696,0.1912882318648076,-0.019744414116373,0.0436460676980056,-0.2638752850135865,0.2201242087356387,-0.0173496414109744,-0.1871980882624021,0.0980492087848003,-0.0961679508354967,0.0605488349861358,-0.1385913074456821,-0.3572787875281595,-0.0938012078404431,-0.2653406821191315,0.0976595915853971,0.039066410591078,0.0523104981289626,-0.7187517652334656,1.3059099753560854,0.0409015677869309,-0.2007892206311231,0.1520579867064946,-0.001851679303139,0.0191500506429563,-0.0194343960872103,0.6441638817149564,-0.0023668987210335,-0.0811173599441215,0.0751401058952879,0.0270013049002146,0.0247544288536877,-0.5055063945763575,0.7160451622360973,0.0288676293566823,-0.0687519209459425,0.0994404125958681
hiphop.00017.wav,4,2145.045445045082,483.6414316294225,0.5136428054310715,0.9848446087520716,2111.601682667404,807.5150663191374,4564.2770505079225,0.0081001324579119,0.0101907169446349,4.660604953765869,37.585411071777344,0.0044499421492218,0.0001823937782319,0.1237140446901321,4956.067376015081,990.6909128241724,0.2435873492436902,0.8871180583460143,5017.236328125,1345.8251953125,9151.611328125,98.390625,18.715490341186523,-0.0700143948197364,-0.2738058567047119,98.50064086914062,41.60832977294922,150.111083984375,-5.047990322113037,21.3564395904541,0.0928602740168571,-0.5734620094299316,-5.146072864532471,-58.74175262451172,57.59727478027344,49.339622497558594,12.87873363494873,-0.2596272826194763,0.209836721420288,49.83075714111328,5.181371212005615,85.84072875976562,-10.29839324951172,12.193280220031738,0.3197066485881805,0.4476015567779541,-10.729425430297852,-42.2446517944336,37.118934631347656,33.284610748291016,10.995851516723633,-0.2151077091693878,0.2253530025482177,33.57951354980469,-3.509861946105957,64.38128662109375,-9.973699569702148,9.830004692077637,-0.0842926725745201,-0.0085294246673583,-10.095706939697266,-41.93225860595703,24.70283889770508,17.609251022338867,7.220084190368652,0.2988006770610809,0.6676650047302246,17.41284942626953,-3.5269088745117188,50.47116088867188,-12.237133026123049,7.192514896392822,0.3567888736724853,0.3666210174560547,-12.266382217407228,-31.1348819732666,20.145774841308597,18.65895652770996,7.908241271972656,0.1779927015304565,-0.1620914936065673,18.32358932495117,-4.459419250488281,40.497779846191406,-10.978352546691896,7.4932732582092285,0.2598921358585357,-0.1793689727783203,-11.123805046081545,-30.31140518188477,14.286805152893066,11.509187698364258,7.08041524887085,0.2062175124883651,0.2475497722625732,11.227752685546877,-10.285118103027344,39.454689025878906,-10.487104415893556,7.072719097137451,-0.0731824412941932,0.1572799682617187,-10.347206115722656,-35.00067138671875,16.543346405029297,0.0224319501366499,0.0323682278637248,0.5793501539259467,0.6743169961987947,0.0194777354345832,-0.0577566232041628,0.1312862826446617,0.0220533187078511,0.0322969267096647,0.4889145113317134,0.685143634626638,0.0185802557436343,-0.0807005417975449,0.1596810883957039,-0.0213804503604599,0.0353974373746748,-0.9418303952164494,1.5621320048232803,-0.0132596231997019,-0.1929089054465299,0.0810342170298092,0.0472621589377579,0.0568462443492728,-0.6716433056511822,1.1920760251738178,0.0542286038398736,-0.1829773709177975,0.2347750402986998,-0.006217095076725,0.0216301513365674,-1.8557421647958825,3.6241644082181663,3.98160983653046e-05,-0.1056482431692693,0.031538287477506,-0.0040602313260254,0.0229171667420314,-0.3412381413010893,0.8717575852797501,-0.0025243619456887,-0.0831937249749899,0.0888509033247828
rock.00001.wav,9,1529.2908080861932,476.2720556825808,1.2229815329448932,5.562904536752921,1485.263014837719,490.8738306525942,4922.481698695842,0.002919134683907,0.0083534540608525,13.978832244873049,295.5985717773437,0.0010307017946615,1.9610050003393557e-05,0.2078491896390915,3271.448122099768,1166.8449911999423,0.6403125622045368,1.0376230702179452,3154.6142578125,947.4609375,8322.5830078125,134.15211486816406,27.302845001220703,-0.0624916814267635,0.2347896099090576,134.69021606445312,24.0614013671875,218.7515869140625,-24.65805053710937,17.846113204956055,0.153609499335289,-0.3196675777435303,-25.368572235107425,-68.61787414550781,36.5841064453125,41.54233932495117,14.26775360107422,-0.551095724105835,-0.1454205513000488,43.941192626953125,-6.616664886474609,69.42976379394531,-3.075080394744873,11.456510543823242,0.0562081262469291,-0.2348809242248535,-3.166450500488281,-40.78022766113281,28.491628646850582,28.475187301635746,8.57742691040039,-0.2305137813091278,0.0724778175354003,28.98406791687012,3.0864100456237797,51.95469665527344,-10.5995512008667,12.110909461975098,0.0907197520136833,-0.3309488296508789,-10.576826095581056,-38.72065353393555,24.090856552124023,14.91700839996338,7.3418121337890625,0.0271705090999603,0.0183794498443603,14.83442497253418,-8.672856330871582,35.606075286865234,-14.410270690917969,10.907550811767578,0.1342822164297104,-0.1055574417114257,-15.22164535522461,-48.79414749145508,16.90511703491211,8.844091415405273,7.040925979614258,0.2956075072288513,0.515305757522583,8.566238403320312,-12.81851577758789,32.6185417175293,-4.547977447509766,8.447067260742188,0.0123346336185932,-0.309880256652832,-4.454981803894043,-28.6231632232666,26.036285400390625,9.940146446228027,7.875923156738281,0.1708278059959411,0.0192959308624267,9.546541213989258,-13.749451637268066,37.32073974609375,-4.680241107940674,7.350308418273926,-0.008202651515603,-0.4030494689941406,-4.85948371887207,-24.731712341308597,15.981389999389648,0.1429034953969722,0.1120827645835452,0.5025105824599589,-0.0880756077778119,0.1229144892358291,-0.2317279919410719,0.4876895087240747,-0.0167796370945857,0.073383536415901,-0.5653695736570236,1.3044623617562747,-0.0105229315814394,-0.2918048346490947,0.2220928501822787,-0.0999887895230881,0.1197211145428466,-0.2241200155202765,0.9440251723967976,-0.0987789519131189,-0.5363528020679956,0.3166581615805619,0.0429639290054506,0.136589725280813,1.1614385083972627,1.2997530176023897,0.0191006325185289,-0.214509546756745,0.4936524815857404,0.0225909051344251,0.0416279579603556,0.1452387568317137,0.5419670633793374,0.0238155049032622,-0.1188643681311841,0.1617251204477016,0.0217529796361015,0.0632987732810408,-0.3009176006387843,0.1537414234373257,0.0261969156563282,-0.1411394882015882,0.2205657656304538
blues.00027.wav,0,1392.0263573819868,447.7014093739888,0.5858147809609802,-0.519429841284897,1303.2402990803969,622.1543049956132,2646.285376738052,0.0004508483689278,0.0004469289269763,3.247120141983032,15.943796157836914,0.0003199082857463,2.4392813429585655e-05,0.0043591288849711,2811.740048578886,735.7006345403577,-0.5126433151529137,-0.0415441396559685,2885.44921875,667.529296875,5103.369140625,130.3231658935547,26.25682640075684,-0.0954112857580185,-0.7677512168884277,130.3165283203125,68.80776977539062,191.5806121826172,-23.311424255371094,30.45110893249512,0.1573316007852554,-0.7912437915802002,-25.167116165161133,-97.70188903808594,48.11530303955078,70.2009506225586,19.94104766845703,0.1016827523708343,-0.158607006072998,68.51254272460938,12.157416343688965,125.9981689453125,1.1310546398162842,13.4811372756958,0.2698862254619598,0.7488772869110107,0.7320924997329712,-39.25440979003906,46.38499450683594,7.5844268798828125,12.4130220413208,-0.4396333694458008,-0.2826979160308838,8.979276657104492,-37.06555938720703,39.10243606567383,0.9005107283592224,10.017085075378418,-0.5290643572807312,0.2359375953674316,2.2422635555267334,-35.25238037109375,30.2630615234375,1.982815742492676,9.395953178405762,0.4449373781681061,0.6600170135498047,1.1481420993804932,-27.02092933654785,40.21427536010742,-6.16441535949707,7.864984512329102,-0.2276075482368469,-0.2366507053375244,-5.587453842163086,-32.53352355957031,14.310283660888672,-9.382747650146484,9.277066230773926,0.162687286734581,-0.4304134845733642,-9.800512313842772,-31.499387741088867,19.879756927490234,-2.563779830932617,10.384272575378418,-0.0218644570559263,0.007253885269165,-2.306857109069824,-31.156150817871094,25.92289924621582,-4.525752544403076,7.680849552154541,0.4167998433113098,0.5704052448272705,-5.102252006530762,-28.0074462890625,22.38431739807129,-0.2604643404483795,8.233728408813477,-0.272135466337204,-0.3288583755493164,0.2339568138122558,-23.709980010986328,22.396297454833984,0.11696421621879,0.1172725025445615,-0.3007841382065453,0.6991181299473763,0.1213442810695118,-0.3407598565174572,0.5070756124838611,-0.1211819992111655,0.1281327406433123,0.0106145401667489,-0.4979351062792956,-0.1193622294577397,-0.4753612819925022,0.3089298855555166,0.1280469349041661,0.1617708778243019,-0.0325447038557832,-0.5446634711412486,0.1228459216654297,-0.327318952418864,0.5019377134740349,0.0394446587849808,0.1649536849084585,-0.6678653603969574,0.5919398286089748,0.0725107043981549,-0.5191059261560443,0.4472804777324197,-0.0552218849317116,0.0654703328720563,-0.0287151089360894,-0.5741224601373087,-0.0537792522452097,-0.2236939971250969,0.1226189868474318,-0.047024084668,0.0501402892908373,0.9580698229370246,0.6429818768189497,-0.0556977959349752,-0.1386849395930763,0.1657128906808794
hiphop.00009.wav,4,2200.110464114809,990.9673046947764,0.3840175512602087,-0.6280750123245045,2124.6009268606726,451.6806154708746,5198.557890753096,0.0152975553646683,0.0268453564494848,2.9578230381011963,10.15174961090088,0.0036380090750753,4.178876770311035e-05,0.1909367442131042,4792.170223227233,1843.0773502802529,-0.2881378037677604,-0.4918773347934904,5049.5361328125,527.5634765625,9345.41015625,94.2147979736328,40.2785758972168,0.0538149811327457,-0.49609375,94.16566467285156,-9.03977394104004,194.4868011474609,-2.5425851345062256,25.69402885437012,-0.3878146409988403,0.5075228214263916,-0.961462676525116,-100.21373748779295,65.67417907714844,49.543235778808594,17.05203628540039,-0.2374919354915619,0.0783102512359619,50.96731948852539,-5.499553680419922,89.25181579589844,-6.60890531539917,15.134711265563965,-0.2096675783395767,0.0143418312072753,-6.376651763916016,-59.851829528808594,34.43556213378906,33.22038269042969,13.008617401123049,-0.4467595219612121,0.0440750122070312,34.75455093383789,-17.738300323486328,66.81410217285156,-7.631566524505615,13.775200843811035,0.0825898274779319,-0.3176565170288086,-8.872527122497559,-46.55057144165039,35.140132904052734,20.948034286499023,9.760210990905762,-0.0195618458092212,0.2454109191894531,21.03514862060547,-12.66558074951172,50.630332946777344,-8.870920181274414,10.738032341003418,0.5473368763923645,0.6395699977874756,-10.360862731933594,-42.93798065185547,30.05731201171875,16.786113739013672,9.934823989868164,-0.1702837496995926,-0.2021009922027588,17.29617691040039,-15.137271881103516,43.888450622558594,-5.258269309997559,10.06923484802246,0.3161981999874115,-0.2283129692077636,-6.032753944396973,-34.466331481933594,25.30467987060547,10.7630615234375,8.431685447692871,-0.2511627674102783,0.0539462566375732,10.95725440979004,-16.692951202392578,32.970550537109375,-3.474364995956421,7.641343116760254,0.1766677051782608,-0.281977891921997,-3.764528751373291,-24.74117851257324,19.06722640991211,0.0247180049923292,0.0541393222972875,0.2820785658362329,-0.8354944797405173,0.0128298660967606,-0.1316978723331316,0.1423372749917547,-0.0260420498214697,0.0651516941570298,-0.5153083670535965,-0.5623773630173448,-0.0080479620003551,-0.1943203563706857,0.1162056963619638,0.0524910669860249,0.0719658852734696,0.3608452370306125,-0.8148202604928514,0.0361821278929705,-0.1046750321984295,0.2263945378363124,0.0530869870130417,0.0855520011172626,0.5391866984245796,-0.7679145939225616,0.0261288993060585,-0.1339932866394523,0.2561812698841092,0.0200218859550769,0.0335460276341317,0.3801708763558806,-0.972914278130974,0.0084284435936721,-0.0567698133741495,0.0996282146003065,-0.0038195022944381,0.023017360935316,0.1141978631922656,0.1196075623651293,-0.0034537641331552,-0.062227053567767,0.0712892627343535
rock.00080.wav,9,2606.2611467109623,509.013596750493,0.6824788576551795,0.7582355525746074,2532.9270437092973,1385.9933006002566,4700.089393415748,0.0130620812997221,0.0106341633945703,2.03799057006836,4.986255645751953,0.0095665799453854,0.0014102328568696,0.0756303369998931,5339.318422817575,939.7217355089886,0.2458761667891176,-0.6415027572761312,5232.568359375,2971.58203125,8042.6513671875,93.53565979003906,17.828044891357422,0.0066720498725771,-0.2947323322296142,93.8369598388672,38.97173309326172,145.7545166015625,-23.224027633666992,14.0548734664917,0.0046018660068511,0.8559796810150146,-23.35254669189453,-71.14612579345703,26.657299041748047,48.12346649169922,9.645814895629885,-0.0383397713303566,-0.2906575202941894,48.09899139404297,15.086933135986328,72.55888366699219,-21.444711685180664,9.07699203491211,0.074146918952465,-0.2604854106903076,-21.557941436767575,-51.59302520751953,7.432969093322754,27.754806518554688,8.056855201721191,-0.2039426118135452,-0.1364645957946777,28.04198455810547,1.6773874759674072,49.05816650390625,-20.33553504943848,9.845691680908203,-0.2017760127782821,-0.1597461700439453,-19.99758529663086,-53.78834533691406,4.421291351318359,18.751483917236328,8.274169921875,0.1911795437335968,0.1717591285705566,18.329673767089844,-5.3244805335998535,48.570106506347656,-15.218708038330078,7.751925945281982,0.1524535864591598,0.2489259243011474,-15.596471786499023,-40.16590118408203,9.856350898742676,16.133468627929688,7.457170009613037,-0.1580255031585693,0.220491886138916,16.254718780517578,-13.567893981933594,40.0970458984375,-21.41217994689941,8.197359085083008,-0.2938283085823059,-0.002406358718872,-20.69906234741211,-51.852569580078125,2.442298889160156,10.867748260498049,6.032815456390381,-0.1779824793338775,0.499492883682251,10.78634262084961,-14.142690658569336,30.88037109375,-12.026507377624512,7.253288269042969,0.4698072373867035,0.4988799095153808,-12.528682708740234,-33.42588806152344,15.745017051696776,-0.1180292799666458,0.1167824366453739,-0.1627554677676297,0.5817761000936588,-0.1158799640185879,-0.4963714850929523,0.2365930159111583,0.1014282833788442,0.1112767878795309,0.1783567629168156,0.0294309076166023,0.1060415770611146,-0.2002762554180756,0.4309204769221488,0.0575848003015302,0.1413467832433564,0.5856738853064601,0.7366514932086106,0.0473615229129786,-0.312625072896481,0.5167731810361146,-0.0439413969944485,0.1203466575605342,0.0226028135681833,-0.3709424999257655,-0.0543033815920356,-0.4091203901916745,0.2498116903007026,0.0211182066986923,0.041346446931806,-0.3565868135744673,0.4567707203052564,0.02285684881697,-0.1211926363808951,0.1297706681995706,-0.0137734761791503,0.0451343314870196,0.9396542451093212,1.134984167755993,-0.0221028449013829,-0.1114686867222185,0.1538319303654136
rock.00002.wav,9,1875.1802162587355,685.006325322619,0.6576828221488057,0.0679556358437509,1739.3740650263758,716.5120110439916,4330.549968908864,0.0070026041939854,0.0106198359280824,4.737852573394775,49.13617706298828,0.0025934127625077,0.000110947919893,0.1655040383338928,3929.4931504676624,1428.534712186751,0.4461498452812116,-0.7200966977216487,3736.0107421875,1496.5576171875,7988.818359375,117.5897979736328,29.25275611877441,-0.2529897391796112,-0.5467739105224609,120.77392578125,18.45909118652344,185.30453491210935,-27.635337829589844,23.42986869812012,-0.1858149319887161,-0.3404784202575683,-28.03173446655273,-101.02374267578124,24.658315658569336,42.83806610107422,13.932372093200684,-0.7271490097045898,1.2718863487243652,42.613731384277344,-5.663788795471191,79.525390625,-6.757944107055664,17.213970184326172,-0.1076760292053222,-0.8088676929473877,-6.814064979553223,-58.97850036621094,27.820423126220703,21.642135620117188,12.48953628540039,-0.9249592423439026,0.5737431049346924,24.66852569580078,-21.045154571533203,49.71257019042969,-12.103039741516112,10.673657417297363,-0.1743061393499374,0.0307636260986328,-12.049564361572266,-44.83002853393555,18.345741271972656,17.952228546142578,7.724906921386719,0.3196910619735718,1.6248927116394043,17.48868751525879,-14.629083633422852,53.77709579467773,-10.473285675048828,10.88428783416748,-0.2651982009410858,-0.4045283794403076,-9.570526123046877,-41.41219329833984,20.572620391845703,12.275668144226074,7.814308643341064,-0.5141994953155518,1.7439842224121094,12.09498119354248,-22.82872772216797,32.2779541015625,-6.569044589996338,9.609173774719238,-0.2051907032728195,-0.318152904510498,-5.610175609588623,-35.38898468017578,19.84157371520996,13.523021697998049,6.685478687286377,-0.4809337854385376,0.0856497287750244,14.15406608581543,-10.277055740356444,28.599628448486328,-2.420073986053467,8.072914123535156,-0.244922861456871,-0.185683012008667,-1.9566190242767332,-27.746551513671875,19.26372528076172,0.0406746660990284,0.0489071380596905,-0.7301008534560047,3.4870856560713284,0.0431530142061987,-0.2560533597827181,0.2813303713610936,0.0114636637885051,0.0747033287535118,-0.8377363573096333,0.5755745695100032,0.0253203525931243,-0.2577872612590946,0.1936802959797073,0.0715924959690276,0.0850913649480655,0.2146993640432814,1.2657332122396934,0.0634472370147701,-0.2528948299586778,0.3445562627166507,-0.0342369276139964,0.0643377200318426,0.6835565588082225,2.494332177358997,-0.0370686165988448,-0.2716444022953516,0.2990005463361736,-0.0236490231150413,0.0280906883043729,0.3577893554614987,2.10016021088732,-0.0222710216230633,-0.1076053214341805,0.0994672677456135,0.0217946567605065,0.0295655507045388,-1.05916623367466,2.2567785018640256,0.0237329341471196,-0.1165233938954771,0.1055763056501746
country.00025.wav,2,1565.1556633857267,642.3978392146793,1.6562457711034202,5.163958922781848,1407.049851176874,647.3816912740353,5376.820051269071,0.0086663328111171,0.0222687702625989,7.406511783599853,67.95997619628906,0.0030180772300809,0.0001578915253048,0.2651715576648712,3188.704332674739,1412.5895277020584,0.9189567737468282,1.028638628968964,2896.2158203125,915.1611328125,9237.744140625,119.69184112548828,31.622901916503903,-0.6842290163040161,0.4024481773376465,125.03996276855467,0.1258385181427002,183.5890350341797,-3.590749263763428,17.507938385009766,0.2494127452373504,0.4763221740722656,-4.398195266723633,-56.79647064208984,53.53133010864258,31.953746795654297,16.48580551147461,0.3787248134613037,-0.0606257915496826,30.62730026245117,-8.483288764953613,83.92308044433594,9.979257583618164,14.29723072052002,0.3000540137290954,-0.033914566040039,8.915273666381836,-30.69200134277344,47.08842086791992,15.293264389038086,13.22465705871582,-1.3684091567993164,2.735990524291992,17.919918060302734,-44.36154174804688,43.98486328125,0.6465808153152466,9.956052780151367,-0.2756306231021881,0.1425445079803466,1.2696746587753296,-32.76667022705078,29.82636260986328,0.235924482345581,9.776585578918455,0.0940149202942848,-0.1385002136230468,0.2952066659927368,-26.126575469970703,30.23024177551269,-4.470190525054932,8.584156036376953,-0.4880889058113098,-0.080747365951538,-3.468294620513916,-33.984283447265625,14.774800300598145,-2.312380313873291,9.073680877685549,0.1330086439847946,0.5810363292694092,-2.974501848220825,-36.26559448242188,25.022008895874023,-5.261341094970703,8.016169548034668,-0.198646679520607,-0.1712064743041992,-4.789874076843262,-30.87354850769043,16.077909469604492,-2.478390693664551,7.311031341552734,-0.0235212389379739,0.0555191040039062,-2.376467704772949,-25.23635482788086,18.901878356933597,-6.041271686553955,8.278425216674805,-0.4765526354312897,-0.1000535488128662,-4.900995254516602,-36.42583465576172,14.601680755615234,0.1170653945218687,0.1053397949893596,0.3347184978294117,0.0187343109163311,0.1105645970637282,-0.1488745101631309,0.4340663114784604,0.0293024476958829,0.123568663404607,-0.1788580949172198,-0.0590273207203617,0.0295658197607305,-0.3581401867571546,0.3455406506720412,0.0664015460632631,0.1776566068215889,0.0192293393154012,-0.1441526740024392,0.0671070013195268,-0.3934537153691058,0.5919880997389553,0.0665251407858736,0.1882140387554216,-0.0030842540360503,-0.3756477611875706,0.0493441447615619,-0.4490884058177474,0.5542977768927811,-0.0041003643126464,0.059451227754084,-0.0219772148866493,-0.2541577025479591,-0.0016737134016722,-0.1544930963291554,0.1709980627940678,-0.0153272897583106,0.0689813129758625,0.1419787458026841,-0.3978164115061782,-0.0100974328815936,-0.1669177031144498,0.1851768866181374
jazz.00074.wav,5,2415.076791912464,714.5848369586872,0.7458465842891896,0.3644475032241141,2291.858862240737,969.6333231102624,4946.141443766658,0.0207911003381013,0.0376515947282314,3.900168418884277,18.2227840423584,0.0072450800798833,0.0003689865989144,0.2991012334823608,5136.026999347448,1701.5463867709552,0.4463989049747469,-0.7231964246849789,4726.5380859375,1528.857421875,9733.0078125,79.08023834228516,27.447751998901367,0.2274767905473709,-0.6124539375305176,77.69498443603516,13.036331176757812,155.29664611816406,2.012953996658325,28.61992835998535,0.0368572175502777,-1.1054211854934692,0.9954894185066224,-64.9679946899414,63.415374755859375,27.60314178466797,11.22439670562744,-0.063971996307373,-0.2385258674621582,27.407306671142575,-7.435025215148926,59.20439910888672,0.3204934000968933,10.426568984985352,0.014905503951013,0.022087812423706,-0.0702547430992126,-39.231048583984375,29.17802619934082,1.7403430938720703,8.544615745544434,-0.1233030185103416,-0.110748291015625,1.9751983880996704,-26.380809783935547,24.765300750732425,-3.607898712158203,9.185310363769531,-0.0013365076156333,-0.1597046852111816,-3.521191358566284,-31.09210968017578,24.567657470703125,-0.1626442968845367,6.823066711425781,-0.1405588686466217,0.4564135074615478,-0.0709967613220214,-27.191160202026367,28.03422164916992,-5.034276962280273,6.535360336303711,-0.3235899209976196,0.8551428318023682,-4.806614398956299,-29.57595634460449,14.451894760131836,1.2452917098999023,6.26139497756958,0.1086788922548294,-0.1213905811309814,1.0625271797180176,-17.535791397094727,19.44708251953125,1.146786332130432,6.334553718566895,-0.0008024896378628,0.1636648178100586,1.2913743257522583,-21.500795364379883,23.725488662719727,-0.6147798895835876,5.964730739593506,-0.3840216696262359,-0.0160284042358398,-0.1391479969024658,-20.08111953735352,13.914962768554688,1.8223751783370967,6.954005718231201,0.2330176830291748,-0.2863998413085937,1.5763338804244995,-14.337510108947754,22.568723678588867,0.0893044139623041,0.100956579254853,0.2736940002801558,0.148700541802305,0.0832070394403352,-0.2413664988741978,0.4314687526099225,0.0771362819876689,0.1280016545350151,-0.2882461621183885,0.6385081519305955,0.0772429432060029,-0.3807278887230301,0.4598545915464222,0.0525496861395372,0.1625362484384206,0.0935571228480343,-0.2613962165258194,0.0404218565672634,-0.353043839335442,0.5348927685990927,0.0605493363141378,0.181929983754511,0.0069769730328881,-0.1090642558255514,0.0653447993099685,-0.533160895109177,0.5122779235243796,0.0042418577912913,0.0678783812746729,-0.7871355532530938,0.481627175931858,0.0193260256738231,-0.250258447690399,0.1718986909053775,-0.0181429121183765,0.064964972771337,0.3776109830606129,-0.3011351414066139,-0.0209626303985715,-0.1637866618111728,0.1972297986503692
jazz.00080.wav,5,3029.524006781271,464.8059047667872,0.1062058923791199,-0.0766516183233378,3011.456665151273,1706.1168161779915,4429.679944388648,0.0506786294281482,0.0322079062461853,1.1872901916503906,2.266716480255127,0.0443145371973514,0.0040121912024915,0.2469850182533264,6202.203666527697,1023.4586280735772,0.2673571798607525,0.0828613594930085,6180.029296875,3585.2783203125,9366.943359375,56.98589706420898,16.722597122192383,-0.0563666149973869,0.2617397308349609,56.86614227294922,1.219243407249451,105.70475769042967,-2.1001877784729004,10.259687423706056,0.6772248148918152,1.043385028839111,-2.9699137210845947,-32.068546295166016,48.10302734375,35.61149978637695,8.850799560546875,-0.1081235185265541,0.1781187057495117,35.99481964111328,7.780026435852051,72.82347106933594,4.705523014068604,8.908783912658691,0.0403605960309505,0.1930201053619384,4.735829830169678,-24.549144744873047,33.296287536621094,3.893765449523926,6.0182623863220215,-0.1312660276889801,-0.0908002853393554,4.100634574890137,-16.099964141845703,21.36273193359375,11.592540740966797,6.709350109100342,-0.0772602930665016,-0.0989036560058593,11.719411849975586,-10.286493301391602,31.830440521240234,6.079530715942383,6.011138916015625,0.0796718820929527,0.0186679363250732,6.001744270324707,-11.831117630004885,26.10415267944336,0.5825819373130798,5.944302082061768,0.1287562400102615,0.3436822891235351,0.5201092958450317,-18.587736129760746,22.43633460998535,2.2728042602539062,6.160819053649902,-0.0454479269683361,-0.3434309959411621,2.5234196186065674,-15.78919792175293,19.252836227416992,2.6990621089935303,6.605593681335449,0.2596048414707184,0.3051540851593017,2.2976531982421875,-14.87484359741211,28.8448486328125,-1.853266716003418,6.403643131256104,0.0075650690123438,-0.1295254230499267,-1.7144861221313477,-20.90793228149414,19.163227081298828,1.6794042587280271,7.5083465576171875,0.1090214103460311,-0.3020029067993164,1.3097461462020874,-18.12002182006836,27.83391571044922,0.0846835782886834,0.0828158883551647,0.0573739015584993,0.1146631160593494,0.077815073166528,-0.1767870113512884,0.3471506495700994,0.0189223290534483,0.0785116237676357,0.0420358871626237,0.2398625611814453,0.0181931695718479,-0.2849690620675737,0.2391737825865038,-0.0254807296639047,0.0890568762888797,0.183598389982249,-0.2408975213506337,-0.0258782245218757,-0.2606212198734288,0.2442981749773019,0.008803997923492,0.0973365956588942,-0.0820622940029397,-0.2266499109777493,0.0130973868072026,-0.2637012153863911,0.3140157386660573,0.007284333223162,0.0393729914675602,-0.6113514194469468,-0.0355887153642884,0.0132971460360381,-0.1217455805717156,0.1055813754171513,-0.0121904909909664,0.0351885908599308,0.6729846792172526,0.3425447548184142,-0.0169179141521453,-0.0989702800288794,0.1118042711168528
disco.00042.wav,3,2403.5943004906803,553.0299290360101,0.274117698613969,0.2910535639424907,2423.02080671802,809.1268847867357,4581.716433076594,0.0379354394972324,0.0347016230225563,2.000195980072021,6.175478935241699,0.0285769626498222,0.0002638424630276,0.3085476756095886,4900.743864196636,1279.6985559201737,0.0764860876869487,-0.8705359294779478,4920.3369140625,1571.923828125,8128.7841796875,92.05890655517578,24.11952209472656,0.4167390465736389,0.5352773666381836,88.87701416015625,14.93564224243164,182.6385040283203,-19.732221603393555,19.773868560791016,0.5738652348518372,-0.0018515586853027,-24.05618667602539,-73.33123779296875,48.46466064453125,17.626943588256836,10.788773536682127,0.2250243574380874,0.2580358982086181,16.952953338623047,-13.505069732666016,53.35679626464844,-3.195096015930176,8.64225959777832,-0.5687095522880554,0.8817517757415771,-2.5516788959503174,-36.878509521484375,20.54980087280273,5.407782554626465,9.52724552154541,0.0568415373563766,0.0230631828308105,5.649362564086914,-25.123031616210938,32.44716262817383,-4.014354228973389,8.172619819641113,-0.137637585401535,0.4125545024871826,-3.578242778778076,-33.410640716552734,24.24014663696289,8.878787994384766,7.322790622711182,-0.0329748056828975,0.442300796508789,9.017756462097168,-15.914079666137695,34.769126892089844,-2.508831739425659,7.070499420166016,-0.2134782969951629,0.4077401161193847,-2.2365074157714844,-28.1892147064209,21.472713470458984,3.154782056808472,6.085375308990479,0.3475087881088257,0.4937193393707275,2.8358705043792725,-13.610210418701172,26.972190856933597,-0.5376991629600525,6.797710418701172,-0.2891343235969543,0.5132310390472412,-0.278732031583786,-26.702363967895508,21.111305236816406,-1.5001122951507568,6.328367710113525,-0.4958948791027069,0.429018497467041,-0.9711923003196716,-24.270124435424805,17.23448944091797,1.2933990955352783,7.531951904296875,-0.1537270247936248,-0.1403470039367675,1.2560546398162842,-24.44271850585937,19.23576545715332,0.1112048034690286,0.0717321012639985,0.3821377714783083,-0.2039152850175436,0.1052625641553248,-0.0617323699836046,0.3335270442729383,0.0271384033092375,0.0710616719309601,-0.3661561431409105,1.0900555867660824,0.0335309845140418,-0.2072148104718995,0.2989538436338806,0.0267008382478426,0.0917926197171036,0.3538168490136053,0.0185258062885238,0.0174327641725535,-0.2001402042806154,0.3644712027162309,-0.0584467240815949,0.1012059995049255,0.4918762269881085,0.3366593633665764,-0.0701105967164044,-0.33098921738565,0.2810902744531627,-0.0168913108693292,0.0444890526408919,-0.0376391823162418,-0.190148633642003,-0.0171252937926669,-0.1641120006138773,0.1181624430467645,-0.0140410905616748,0.0255902666767587,0.2686487978239608,0.7052938146974688,-0.0146741420030592,-0.085892266593873,0.0776089746505022
blues.00097.wav,0,1236.310511932634,650.2078159847946,0.8681265778879427,-0.0268683123361919,1045.7347868122786,328.5081605653013,3459.2205480494117,0.0018190463306382,0.0039047254249453,3.802145481109619,17.851259231567383,0.0003982371999882,3.507785095280269e-06,0.0366176925599575,2603.544117513776,1577.0113793291605,0.7938207631918364,-0.2608248312776506,2282.51953125,312.2314453125,6826.025390625,145.77012634277344,37.008399963378906,-0.272981584072113,-0.8859844207763672,148.25164794921875,40.96355438232422,218.03070068359372,-9.36660861968994,15.67731475830078,-0.1364263743162155,0.4627394676208496,-8.35765266418457,-64.95193481445312,44.09442138671875,48.437965393066406,12.65626335144043,0.4818440079689026,0.7402627468109131,47.74263000488281,9.802743911743164,96.72579193115234,10.546016693115234,14.840753555297852,-0.3298538029193878,-0.1982009410858154,12.349242210388184,-36.07321166992188,53.32880783081055,18.008686065673828,12.771279335021973,-0.059387806802988,-0.0319986343383789,17.481996536254883,-30.782974243164062,55.36674499511719,-2.6387381553649902,12.21888542175293,-0.2963031828403473,-0.5151839256286621,-1.561291217803955,-38.307273864746094,26.66244506835937,16.953346252441406,8.752602577209473,0.3311198353767395,0.2118477821350097,16.37071990966797,-7.171428680419922,51.578651428222656,-11.50073528289795,9.62700080871582,-0.0164096392691135,0.1451559066772461,-11.708759307861328,-46.004188537597656,18.856369018554688,8.725778579711914,12.5516996383667,0.0855786651372909,-0.6687538623809814,8.736735343933105,-23.455642700195312,40.61319732666016,-8.186317443847656,8.140031814575195,0.1954521536827087,0.3717234134674072,-8.090580940246582,-32.55101013183594,24.036754608154297,3.2097280025482178,10.169034004211426,0.1230998560786247,-0.5230209827423096,2.747299909591675,-23.986549377441406,34.078819274902344,-0.6816340088844299,8.354846000671387,0.0807108283042907,0.1737837791442871,-0.20002281665802,-31.954463958740234,30.74418830871582,0.0399982922169908,0.0776155108376849,0.0029272645197189,-0.1625508724886506,0.0400689782457167,-0.1734002276626889,0.2754768275283843,-0.0331063023352263,0.093258456273872,0.2715144001556012,-0.2116490234955788,-0.03548774538536,-0.2811570324887429,0.2389242449028745,-0.0482802348137939,0.1174229745879152,0.0468682737843031,-0.2988411044378383,-0.0493357740342619,-0.3282193504273896,0.2778844423592086,0.023911843042495,0.1198635449795189,0.0994723130235416,-0.1481737972643211,0.0211791656911364,-0.3257397189736368,0.3811913579702374,0.0171983749170233,0.0565989097781283,0.155267844184987,0.2207786835746161,0.0106135977872734,-0.1512418432361614,0.1906033044430285,-7.874943958472283e-05,0.0438764265713234,-0.1239720443971274,-0.311364159283515,-0.0011586956679817,-0.1391118089668453,0.1060493765398861
classical.00006.wav,1,1372.6940993062535,265.2299930273777,0.3202436006029043,-0.5995881556171909,1349.3607069319005,798.8236036314353,2128.4116781906387,0.0006053636898286,0.0004814439453184,2.952705144882202,17.789541244506836,0.0004862335626967,3.189892595401034e-05,0.0058159665204584,2737.930956351508,561.8007839324465,0.2339448208377981,-0.6284754871588367,2702.4169921875,1410.4248046875,4457.373046875,134.53781127929688,17.544137954711914,-0.6290737986564636,0.7106094360351562,135.61703491210938,73.30441284179688,173.08303833007812,-22.43492889404297,12.668164253234863,0.1128205135464668,-0.4909040927886963,-22.527565002441406,-56.62599182128906,18.46620178222656,40.75836944580078,9.247715950012209,-0.1539607644081115,-0.3007299900054931,41.09703826904297,14.475149154663086,72.96110534667969,-5.8729753494262695,10.858261108398438,-0.4425807297229767,0.9768004417419434,-5.323708534240723,-48.33113098144531,20.15040397644043,9.266152381896973,8.352167129516602,-0.6058758497238159,0.5735452175140381,10.169306755065918,-19.757551193237305,31.52018547058105,-11.873934745788574,9.246737480163574,0.1771534830331802,-0.2811536788940429,-11.997072219848633,-36.55967712402344,15.20024299621582,6.287886619567871,9.253217697143556,0.1630628257989883,0.249713659286499,6.083483695983887,-20.254993438720703,34.925018310546875,-8.864130973815918,7.553526878356934,0.049105729907751,-0.2211635112762451,-8.909788131713867,-29.59556579589844,13.92538833618164,4.402293682098389,8.755350112915039,0.2993409931659698,0.0323426723480224,3.483445644378662,-22.40885734558105,36.267364501953125,-9.374510765075684,10.25699234008789,-0.1080559119582176,0.4405183792114258,-9.052009582519531,-42.14207458496094,23.657230377197266,4.060037136077881,9.100065231323242,0.1632576882839203,-0.410348892211914,3.665900468826294,-20.39605140686035,29.512374877929688,1.6421571969985962,9.709321022033691,0.2044577449560165,-0.1090409755706787,1.3458964824676514,-24.64075088500977,36.93754577636719,-0.0315814059546387,0.1871688664840838,-0.5752106960695677,-0.2449897900024602,-0.0012107920417661,-0.5475973430268132,0.4032702614422391,0.1926087280683943,0.1747335050898694,-0.2281000187692227,-0.0707376214076007,0.2049473117828375,-0.3371842904490912,0.6544934659449723,0.0897850084924538,0.2197096024652651,-0.3732640149255882,-0.5053071685254218,0.1171899437904351,-0.5256834346801048,0.5496257077902553,0.0968887402437632,0.1718080422086034,-0.0136822960493527,-0.5426444165840514,0.095274072140455,-0.3203797042369846,0.5665715215727681,-0.0365069806574023,0.097212499849041,-0.1409822335253499,-0.7349317417116836,-0.0280171501814048,-0.2972951163716804,0.1963742005083304,0.0052328171224347,0.098065430106257,0.6701508736031927,-0.1958408096080561,-0.0177382444962859,-0.162676914245822,0.3161785360425712
blues.00018.wav,0,1537.4913867559835,439.4930860864118,0.5521933315089874,-0.0086822012380598,1498.636515770508,716.4690400644015,3156.0109006624525,0.0014810236170887,0.0015275706537067,1.9261834621429443,4.1743245124816895,0.0009154759463854,2.1563875634456053e-05,0.01064367685467,3495.331815998405,1352.147626803901,0.2086817946556125,-0.7041871378822124,3413.0126953125,516.796875,6589.16015625,104.94515991210938,24.57762718200684,-0.0519672818481922,-0.3411612510681152,103.83445739746094,18.37301254272461,164.98614501953125,15.2964448928833,25.728199005126957,-1.1523303985595703,0.6827530860900879,24.226362228393555,-78.31021118164062,53.32487487792969,42.68783950805664,12.756242752075195,0.9778505563735962,2.0455689430236816,40.57135772705078,5.096284866333008,100.52335357666016,6.77045202255249,9.637041091918944,-0.3999865055084228,0.5469686985015869,7.650821685791016,-25.411365509033203,35.39545822143555,21.611764907836918,10.829065322875977,-0.3109547793865204,-0.3625228404998779,22.306264877319336,-10.502994537353516,46.280879974365234,-1.3111783266067505,8.571540832519531,0.0938978865742683,-0.324371337890625,-1.0095568895339966,-21.304718017578125,24.682344436645508,5.681745052337647,10.026284217834473,0.0065240212716162,-0.7704334259033203,5.71314811706543,-18.82560157775879,32.00474166870117,-16.636873245239258,11.207311630249023,-0.2130611389875412,-0.1003766059875488,-17.047122955322266,-58.3436279296875,7.724515914916992,12.169349670410156,11.12034511566162,0.4417713582515716,-0.0617430210113525,11.56361484527588,-12.718079566955566,47.19256591796875,-1.9619529247283936,7.222533226013184,0.7216903567314148,1.084430694580078,-2.7112386226654053,-22.604063034057617,28.746078491210938,1.9602652788162231,8.047303199768066,-0.2875788807868957,-0.2625045776367187,2.6750593185424805,-24.110618591308597,27.459503173828125,-0.8982277512550354,6.982861042022705,-0.1684024184942245,0.3783426284790039,-0.5173367857933044,-22.09244537353516,28.968738555908203,-0.0423893598626544,0.0822553715921864,-0.2540306947136989,1.7858387989076254,-0.0320267219534067,-0.4195843341676648,0.2575824019178932,0.0011490218148456,0.0806384425310032,-0.3980780252711992,2.572149811774413,0.002171297049946,-0.3763101103561107,0.275825597573787,-0.0274815524957803,0.1479417191815159,0.5038269708244985,0.6064767968255,-0.0351851247251037,-0.4380366764962677,0.5130535606294868,-0.0372526677374347,0.1200041785010425,-0.4278492730150215,1.0565078164691937,-0.0284275822341447,-0.5788716636598112,0.3587779887020585,-0.0215678560173011,0.0495412228188356,-0.0317710541199188,0.0566277391471135,-0.0182048580277606,-0.174639298463765,0.1963106033124427,-0.0243736837894424,0.0530271522630713,-0.2920577206793512,-0.3146274242277092,-0.0196907389909031,-0.1747917341999706,0.1383983613923192
country.00046.wav,2,2109.417730768001,546.8218873007658,1.3386741396404067,5.31746093373857,2117.937205753212,883.6530963637084,5114.96003838297,0.0137999961152672,0.0243931636214256,5.300951957702637,34.730186462402344,0.0072263367474079,0.0004174019850324,0.2499933987855911,3843.893255601073,905.2622610539996,1.9783974989713653,6.591954108540199,3628.3447265625,1894.921875,8548.681640625,103.49356842041016,25.75644874572754,-0.3303695619106293,0.8492791652679443,103.30776977539062,-3.1021833419799805,164.2410888671875,-31.8978214263916,19.109582901000977,0.9463729858398438,2.495220184326172,-32.80677795410156,-72.83137512207031,57.52909851074219,58.72883605957031,16.659395217895508,0.4081988036632538,0.2832200527191162,57.655029296875,8.74312973022461,113.86478424072266,-1.961521863937378,16.099700927734375,-0.0066389623098075,-0.180678129196167,-2.198159694671631,-47.25580978393555,50.457130432128906,-3.1359188556671143,12.274768829345703,-0.5457675457000732,-0.2066347599029541,-0.9091214537620544,-42.60572814941406,26.108959197998047,-2.942936658859253,9.931262016296388,0.092326208949089,-0.2418668270111084,-2.919255256652832,-28.631576538085938,26.54133415222168,0.3602378070354461,9.48999309539795,0.6433961391448975,0.6430063247680664,-0.6545981168746948,-22.935415267944336,36.71398162841797,-3.0343480110168457,11.75930404663086,-0.0399856381118297,-0.4157795906066894,-3.607391119003296,-39.07386779785156,26.63394927978516,-0.8273261189460754,7.583908081054687,0.2355252355337143,-0.0800740718841552,-1.221796989440918,-24.052635192871094,26.21977996826172,5.58687162399292,11.274603843688965,0.5096678137779236,-0.2484865188598632,3.729217052459717,-21.38724899291992,40.61119842529297,-10.137715339660645,10.407071113586426,-0.0522123388946056,-0.4767334461212158,-9.958940505981444,-41.26910781860352,17.616098403930664,0.7289897203445435,9.350860595703123,0.1598097085952758,0.9081635475158693,0.432425320148468,-35.747581481933594,35.02325439453125,0.089208934631569,0.0720921151398196,0.4665335314155839,0.7773055849935848,0.0814290123516629,-0.1690194680546522,0.3703098417015904,0.0279947928827564,0.0744383872682119,0.0405472179268511,0.1087347897927806,0.0280546744746961,-0.2094668598782628,0.2376525004748805,-0.0756174237226054,0.1148993059386841,0.7863887463011501,0.874115184462315,-0.0903751477599148,-0.3593620005995042,0.3320201793685549,-0.0934074063924389,0.160051725678326,0.0650114526908041,-0.8814331674913083,-0.1016680598258982,-0.4578802231699231,0.299091033637523,0.0010759791462703,0.0523335310091636,-0.1597056340815092,-0.4342342813682762,0.0038507472598536,-0.130585403680744,0.1399336849634671,-0.0134673159476225,0.0415468940149895,-0.0719371067498804,-0.5246651961904996,-0.011783136986196,-0.1191879268735644,0.1096669272519649
metal.00015.wav,6,2986.843927696936,359.55112796870395,0.9393257415520184,1.6879484555571311,2946.517645423656,2259.0723531898398,4525.331056287449,0.0220498591661453,0.0103389173746109,1.2523165941238403,2.699361801147461,0.0202411580830812,0.0029803100042045,0.0771944597363472,5817.953399162558,616.4022831869146,0.4429706031384676,-0.2720305328058656,5781.6650390625,4618.8720703125,7881.15234375,68.00132751464844,15.053868293762209,-0.0227415617555379,0.041405439376831,67.51750183105469,19.38031005859375,106.77198028564452,-11.25452709197998,10.701054573059082,-0.2724893093109131,1.53342866897583,-11.291200637817385,-53.622833251953125,29.718774795532227,76.37178802490234,14.464225769042969,-0.4946970045566559,-0.3879432678222656,78.58452606201172,34.51338577270508,111.44127655029295,-17.47722625732422,11.878053665161133,-0.7382029891014099,-0.2891316413879394,-14.084848403930664,-53.93693923950195,5.699903964996338,25.340320587158203,7.774165153503418,-0.3503977060317993,-0.2480342388153076,26.156757354736328,-4.166852951049805,44.57270050048828,-17.897216796875,8.195555686950684,-0.008662886917591,-0.3641233444213867,-17.590991973876953,-40.216922760009766,3.888198137283325,20.36890983581543,7.947700023651123,0.2214143723249435,0.1389591693878173,19.568958282470703,-4.3908796310424805,46.20230102539063,-21.417898178100582,6.514204978942871,0.1420283764600753,0.0312922000885009,-21.630847930908203,-42.804229736328125,0.493965744972229,14.21831512451172,6.213039398193359,0.1971091628074646,0.0991928577423095,13.884393692016602,-6.164818286895752,33.11762619018555,-15.766987800598145,5.328668117523193,0.0577520616352558,-0.2302885055541992,-15.83946418762207,-30.12091445922852,2.050556898117065,12.519556999206545,4.642778396606445,-0.2674771845340729,0.1362724304199218,12.693821907043455,-4.19789981842041,25.233646392822266,-18.50328826904297,5.390075206756592,-0.0899482071399688,0.0656044483184814,-18.463842391967773,-37.28389739990234,-2.3260903358459477,0.0313033887811463,0.0803295658301971,-0.2817027886282788,0.1418512376664757,0.0346549823236668,-0.2089593249353736,0.2623597136273314,-0.0334061617529685,0.0803502891176708,-0.1049156171000865,0.0238900403299195,-0.0327918614467256,-0.2667290528307526,0.1867413207474531,0.0474312142220491,0.0782447439451364,-0.686727597634406,0.4103211265634989,0.0578036867082113,-0.2439568974077706,0.2165319137275215,0.0204555337293517,0.0791715823810931,-0.2758608295658378,-0.3324395139049536,0.0320936664938923,-0.2282408252358441,0.236921718344092,0.0008649011927152,0.0273552411148401,-0.0848791440065575,-0.1140038648674837,0.0019327801694741,-0.0790689948493038,0.091833623354717,-0.0013411151150159,0.0293623059061863,0.4308609011320592,0.5187349167407489,-0.0029032640159129,-0.073856563307345,0.1185840871185064
classical.00002.wav,1,1490.2748103209542,197.54467064080603,0.038269030959931,-0.286919438142418,1497.795323119699,995.1988147396175,2178.0128966677,0.0010952509474009,0.0009210960124619,2.642071008682251,12.156045913696287,0.0008096246165223,7.028271647868678e-05,0.0097621781751513,2785.4189135912125,524.3209706767336,-0.0469289975352995,-0.2150491211894767,2799.31640625,1421.19140625,4489.6728515625,141.11952209472656,14.069345474243164,0.2398868650197982,-0.197019338607788,140.46551513671875,104.60238647460938,185.44586181640625,-34.681888580322266,12.308130264282228,-0.2203586399555206,1.3665690422058103,-34.31383514404297,-81.80948638916016,11.614450454711914,30.979190826416016,11.645821571350098,-0.0703079178929328,-0.2017712593078613,30.90327453613281,-3.9153647422790527,62.25001525878906,-16.40201187133789,7.128929615020752,-0.0341560766100883,0.5166277885437012,-16.573925018310547,-42.27023315429688,10.180227279663086,23.11808013916016,9.041160583496094,-0.0754966512322425,-0.2919559478759765,23.45930290222168,-3.88458251953125,49.55850982666016,-11.041571617126465,8.900162696838379,0.1527671068906784,-0.2048220634460449,-11.125932693481444,-33.36071014404297,17.021244049072266,7.654359340667725,7.694616794586182,-0.4252024292945862,0.5308363437652588,8.104565620422363,-20.96183013916016,28.12045669555664,-19.016834259033203,7.124988079071045,0.1031688004732132,0.1964752674102783,-19.202049255371094,-42.666236877441406,6.492805480957031,4.226782321929932,8.819775581359863,-0.1147968471050262,-0.0024805068969726,4.6563873291015625,-24.68124008178711,30.48932456970215,-11.835752487182615,7.747057914733887,0.3512777984142303,0.3779940605163574,-12.29380702972412,-38.9116439819336,17.146961212158203,8.917745590209961,8.21336555480957,0.3269058465957641,-0.0382149219512939,8.335722923278809,-15.106719970703123,37.44708633422852,-1.4451483488082886,9.976553916931152,0.1929197758436203,-0.216836929321289,-2.2601561546325684,-29.066139221191406,30.006370544433597,0.1539524857057857,0.1045170154115734,-0.0185192754395429,-0.3037311953666126,0.1570087092466568,-0.1144287460033194,0.444604763311381,-0.1059809497807257,0.0800342975299927,-0.0907367164614655,-0.3119062373307781,-0.1014135555113868,-0.3488128047056817,0.1227540769871761,-0.0556923457509958,0.1574279477826915,-0.4215560367518793,-0.2604773764686259,-0.0286008454859262,-0.5024690702557567,0.3741679340600964,-0.0018032118886977,0.1469004356189936,-0.2862313144686016,-0.2729557248309242,0.0115583352744573,-0.4141092151403429,0.3641845658421511,-0.0079085731869031,0.0628517785611256,-0.3283101964719116,-0.666519311322272,-0.0008531126961071,-0.1743136849503506,0.1263957759828312,-0.0173108958691785,0.0498857239143136,0.6797016103807714,0.3527752161942561,-0.0254269605502487,-0.1229621921665967,0.1840816824696959
metal.00078.wav,6,2814.947126355226,603.4025362077058,0.0103336419677455,-0.5771379415182176,2858.238833219063,1313.5719537153573,4769.767824807435,0.0317981354892253,0.0475186072289943,2.8484621047973637,8.443853378295898,0.0158084277063608,0.0006076679565012,0.3079030811786651,5897.15828242822,1113.49309219309,-0.4631162677871232,-0.5184632140905583,6201.5625,3014.6484375,9108.544921875,73.40455627441406,20.544395446777344,0.2477140426635742,-0.2713885307312011,71.31688690185547,8.84588623046875,133.35574340820312,-15.90884494781494,17.169313430786133,-0.0114510543644428,-0.101959228515625,-16.339479446411133,-65.17796325683594,32.80878448486328,55.80443954467773,14.64391040802002,-0.559065043926239,0.5489954948425293,57.25606536865234,2.6549229621887207,95.04866027832033,-1.9026609659194944,10.062210083007812,0.4894230663776397,0.4044022560119629,-2.638357162475586,-27.54623794555664,37.32185363769531,34.030216217041016,10.99748706817627,-0.687655508518219,0.2408220767974853,35.74977111816406,-7.166440010070801,59.175811767578125,-8.318227767944336,10.184690475463867,0.5739113092422485,0.4986064434051513,-9.708861351013184,-36.989837646484375,31.835838317871094,32.759864807128906,9.860676765441896,-0.6948229670524597,0.3108015060424804,34.58272171020508,-3.2290914058685303,55.42372131347656,-9.707088470458984,8.910318374633789,0.56346595287323,0.1295258998870849,-10.939092636108398,-34.85047149658203,19.598297119140625,20.83656311035156,7.455826759338379,-0.5801915526390076,0.267336368560791,21.91390991210937,-6.087312698364258,40.34385299682617,-9.037429809570312,7.417462825775146,0.8341929912567139,0.7189469337463379,-10.33042335510254,-24.334123611450195,20.50225830078125,13.95917797088623,7.523656368255615,-0.4891101121902466,0.1563348770141601,14.790860176086426,-12.815690994262695,35.759620666503906,-9.585643768310549,6.855377674102783,0.2210340499877929,0.2638835906982422,-10.248477935791016,-35.82117462158203,10.969799041748049,-0.0600810317641247,0.0588115113631827,0.5797757708072954,1.5366995736543805,-0.0617784888628875,-0.2144368513794318,0.2080780078490093,0.0126710187663665,0.0679664166734847,-0.9157775081806288,2.5349787359139286,0.024777797968056,-0.2481797777962602,0.2733829712052527,0.0525917881885103,0.0686959571721242,-0.615083294154595,0.4635900300942679,0.0613586418330664,-0.1936602815985686,0.2134720198810097,-0.044490144328032,0.0610281270504517,0.7197441675929873,3.0179811787406656,-0.0482118204236034,-0.2820182181894783,0.2277008295059199,0.002375036696984,0.0309226037700018,-0.999291039116029,1.393255641223564,0.0068332735475684,-0.1086946578170639,0.0748329736458598,0.0024065092012966,0.0240943794849669,0.2773795227533176,1.1526424606214798,0.0026188138872384,-0.0752830477431414,0.0970455054193735
rock.00093.wav,9,1939.722261427516,398.4075575662145,1.332970715131915,3.046211312617425,1855.2489997692364,1236.4558955719997,3799.323604197746,0.0047936295159161,0.0051708663813769,3.310996532440185,14.9447021484375,0.0032470801379531,0.0003362232528161,0.0432670153677463,3748.517652896607,926.202925363264,1.2822280691581165,1.491369873431366,3423.779296875,2444.0185546875,7375.1220703125,119.2933349609375,21.86605262756348,-0.2694689333438873,-0.0670394897460937,120.26286315917967,36.96297454833984,171.53656005859375,-50.7344970703125,14.74191188812256,0.1435530930757522,0.0640022754669189,-50.40296173095703,-87.19100952148438,-0.2988259196281433,42.62416076660156,11.630451202392578,-0.1868118345737457,-0.0170350074768066,42.587677001953125,-1.879130244255066,72.46334838867188,-6.701606273651123,9.624215126037598,-0.5127881169319153,0.660081148147583,-5.814019203186035,-54.94338607788086,15.693927764892578,19.70798683166504,9.257523536682127,-0.4732387661933899,0.4776506423950195,20.275333404541016,-13.186678886413574,49.15044784545898,-16.883588790893555,7.645706176757812,-0.2176797538995742,0.0318970680236816,-16.391735076904297,-47.2960205078125,3.758070707321167,19.39400863647461,6.75982666015625,-0.3549100756645202,0.3428966999053955,19.82870483398437,-7.4606032371521,38.7516975402832,-17.410425186157227,7.166174411773682,-0.0842941775918006,0.130483865737915,-17.196922302246094,-40.37721252441406,4.469682693481445,17.302907943725586,8.161584854125977,0.1116742938756942,-0.2853083610534668,16.96154022216797,-11.305465698242188,37.36070251464844,-10.872791290283203,6.567080497741699,-0.0015477256383746,-0.0039641857147216,-10.761160850524902,-29.97987365722656,10.02378749847412,6.6578369140625,5.958584308624268,-0.1372880935668945,0.6667289733886719,6.917752742767334,-14.99842929840088,29.479219436645508,-15.766664505004885,6.687655925750732,0.131221741437912,-0.0735177993774414,-15.734574317932127,-35.67967987060547,9.472869873046877,-0.0626795241336885,0.0734048649139608,-0.3912086857442352,1.382093355518978,-0.0517652505462377,-0.3323362318398586,0.1713550718248198,-0.1770141963130077,0.0994049571663142,0.0661360879752131,0.2955177855375708,-0.1791260493743542,-0.5007478580819728,0.1258155390673956,-0.0184485871238204,0.0939776201429978,1.3518599785191836,2.1962061279825718,-0.0405476242303851,-0.2162736244499687,0.3990169465541836,-0.1095588331406811,0.1240306528571209,-0.004829541190768,-0.3194759527486512,-0.1070235483348375,-0.4554153643548491,0.201172417029738,6.817759394952741e-07,0.0435506357238679,-1.0735830587416275,2.1977557771478624,0.0089621822394965,-0.1744575297398625,0.1385288677423659,0.0160498781744117,0.0499837633810656,0.5187119917034666,-0.1574303231043639,0.0049820495769381,-0.1118233837187286,0.1701295338571072
metal.00040.wav,6,2710.685063541092,459.5241141289108,1.172921054693811,2.157631447891994,2636.1541566726937,1686.325772539007,4662.142768312049,0.0219440422952175,0.016587994992733,1.6762545108795166,3.6125216484069824,0.0163485649973154,0.0019432007102295,0.1248383820056915,5083.10161687935,916.9406178084184,0.5016241858147242,-0.3514243082100661,4941.8701171875,3316.11328125,7956.5185546875,80.0852279663086,16.87569236755371,-0.4847817420959472,0.9588594436645508,80.47120666503906,13.513843536376951,127.93096923828124,-46.96148681640625,15.453229904174805,0.164208635687828,-0.1126999855041503,-46.68221664428711,-87.08130645751953,8.118659973144531,51.019073486328125,9.281330108642578,0.2983224987983703,0.2901623249053955,50.84489440917969,26.70588493347168,88.98245239257812,-9.135111808776855,8.111282348632812,-0.283387154340744,0.157928466796875,-8.829605102539062,-38.27001190185547,11.651966094970703,31.77795791625977,9.434344291687012,-0.2678203880786896,0.4298872947692871,31.825870513916016,-4.998383522033691,55.261478424072266,-6.38947868347168,9.968635559082031,0.3048219680786133,0.0019450187683105,-6.852322578430176,-36.23942565917969,24.46636009216309,24.86172103881836,6.813838958740234,0.4725292325019836,0.5516269207000732,24.265607833862305,0.721645712852478,52.56661987304688,-19.14633560180664,7.965618133544922,0.0972206890583038,-0.3009223937988281,-19.357158660888672,-42.8221435546875,4.514193534851074,20.79016494750977,6.788311958312988,-0.2381374537944793,0.2140259742736816,20.763376235961918,-1.5760034322738647,42.01812744140625,-11.678598403930664,6.803256988525391,-0.1140491440892219,-0.3732800483703613,-11.493494033813477,-32.986576080322266,5.919992446899414,13.847806930541992,5.681518077850342,-0.0914492011070251,-0.1206917762756347,14.147783279418944,-4.115455150604248,31.58204841613769,-16.47189712524414,5.93407154083252,0.0137175926938653,-0.2945594787597656,-16.75872802734375,-34.45397186279297,0.0881312489509582,0.0334099021001417,0.0472829926722566,0.3008847475453611,0.3361351784185502,0.0313556830664988,-0.0943739733149403,0.2096678381891104,0.004377351970182,0.0426411376682156,0.1664310271179881,0.0150575818363627,0.0030219579882138,-0.1238565838573255,0.1384972045855698,-0.0350590090051997,0.0477341819874372,0.0263405668533517,0.4116551778760473,-0.0351901985704904,-0.1812028586864477,0.153350211679935,0.0098985695371605,0.0501371575984042,-0.3359517125025382,0.3383993156409492,0.0114599764347069,-0.1735282875597481,0.1603084765374653,0.0083932487959419,0.0205836230059931,-0.2156281496126441,-0.1636906283730388,0.0090224637124093,-0.0541976237339228,0.0705718623158519,0.0058658170882592,0.0190160200930267,0.0124635289671668,-0.2477425355018794,0.0060296310111881,-0.057251322083175,0.0610519433394075
jazz.00043.wav,5,1761.213133220635,348.0134369808342,0.5377882991925829,0.2665348661570981,1740.0002942196818,747.1555977377922,3167.3761525079344,0.001876592868939,0.0027490374632179,5.640707969665527,54.9331283569336,0.0010190310422331,2.772450898191892e-05,0.041581243276596,3462.7322451421114,829.1470646156811,0.7784888312702531,1.1812354003505652,3337.646484375,915.1611328125,6782.958984375,111.66873168945312,21.584606170654297,-0.5276774764060974,0.0490627288818359,114.37901306152344,39.50633239746094,165.03382873535156,-35.90760803222656,22.923805236816406,-0.1495035141706466,-0.0924129486083984,-35.394195556640625,-105.8951187133789,23.938941955566406,45.838844299316406,14.434947967529297,-0.0745682269334793,-0.1043024063110351,45.15664291381836,0.762189507484436,85.05842590332031,-11.43720817565918,9.07498264312744,-0.2997054159641266,-0.1496391296386718,-10.605241775512695,-45.30829620361328,12.940793991088867,19.691478729248047,10.33700180053711,0.0226436909288167,-0.1212527751922607,19.831422805786133,-12.988737106323242,54.30824279785156,-8.076199531555176,9.504523277282717,-0.2241555005311966,0.4579296112060547,-7.633778572082519,-42.76087188720703,18.35554313659668,17.946382522583008,9.507668495178224,-0.5061324834823608,0.4994029998779297,18.58835220336914,-16.724428176879883,45.65819549560547,-8.960495948791504,14.80488395690918,0.9076754450798036,0.7916245460510254,-12.038762092590332,-40.086612701416016,43.24690628051758,14.69359016418457,9.819781303405762,-0.1792208850383758,0.2123985290527343,15.123802185058594,-19.571823120117188,43.78627395629883,-10.340893745422363,9.012939453125,-0.0637840032577514,-0.1023898124694824,-9.96904182434082,-34.33045959472656,20.879871368408203,4.678983211517334,10.20056438446045,-0.5154694318771362,1.16947603225708,5.6907243728637695,-30.03211212158203,34.604095458984375,-11.800857543945312,9.398327827453612,-0.0100887073203921,0.2848930358886719,-11.932645797729492,-47.86418533325195,16.640443801879883,0.0410218215902735,0.1164121114851522,-0.5230133981553043,1.4854563741750564,0.0446263954048331,-0.4262546368064793,0.4489216985231724,0.0566578181990022,0.0960710371776221,-0.1048889469208332,0.949138458498966,0.0535382140930698,-0.2922702584347549,0.3431354765560823,0.0102228374873724,0.1633890991855803,-0.016103253955935,-0.2521315218567737,0.0123759470880027,-0.4640063866972925,0.443336302414536,0.0445388579007873,0.151181263152176,0.0854245381992447,0.6077547118614088,0.0409553647041317,-0.3816237933933738,0.5975990286096926,0.0134359514618075,0.0594609906379391,-0.7024179499116072,0.2323562348984262,0.0210662511395007,-0.1592933300196211,0.1559683446358957,-0.0142083533676535,0.0594159567824646,-0.0168007727441652,-0.436197268827375,-0.015410492196679,-0.1860967932734637,0.1463386276736855
blues.00014.wav,0,1171.9674317528445,383.75572506739496,1.2468288789146424,1.7661856062078538,1086.539574702282,455.0161250003627,2811.404601894243,0.0004728164058178,0.0003998795873485,3.5828752517700195,25.150691986083984,0.0003678875800687,7.1710837801219895e-06,0.0047543728724122,2344.9874700913574,936.5402439676936,-0.0048990171309328,-0.5818118367639751,2304.052734375,247.6318359375,5254.1015625,113.0710220336914,26.11797332763672,0.2740911245346069,-0.4674313068389892,111.31509399414062,45.01393508911133,182.83139038085935,12.10733413696289,38.245975494384766,-0.423362672328949,-1.082255244255066,21.47366523742676,-91.98786926269533,70.96693420410156,45.05219650268555,14.985570907592772,1.1144572496414185,3.56411075592041,43.33526992797852,9.259592056274414,130.3905487060547,17.734386444091797,15.77492904663086,-0.7144749164581299,0.0516722202301025,21.877500534057617,-30.21456527709961,55.067195892333984,14.590070724487305,12.432700157165527,-0.5467812418937683,0.6995863914489746,15.981200218200684,-37.51184844970703,48.87699890136719,4.147995948791504,12.554463386535645,-0.6169987916946411,-0.1266272068023681,6.175599098205566,-33.76616287231445,36.4593505859375,0.2263113707304,12.91880702972412,-0.5693122744560242,-0.587578296661377,3.8162589073181152,-34.870723724365234,26.839134216308597,-7.021586894989014,9.87876033782959,-0.6818438172340393,0.4828050136566162,-5.841945648193359,-45.00513458251953,16.981910705566406,13.646476745605469,8.763540267944336,0.259367823600769,1.0787644386291504,13.17724895477295,-25.674365997314453,49.07491302490234,8.914210319519043,9.488390922546388,-0.0981155037879943,0.7408907413482666,9.117704391479492,-24.08175277709961,44.45024108886719,1.303798794746399,7.917947292327881,-0.0135017670691013,0.4345118999481201,1.6889010667800903,-26.12619400024414,34.133636474609375,5.954978466033936,8.019832611083984,0.2167425006628036,-0.024524450302124,6.034123420715332,-14.400391578674316,33.06391143798828,0.03302576093241,0.0770767113420484,0.6075786556366515,2.7793294227222214,0.0279688769804949,-0.2442040655680968,0.4074476272845235,-0.0024894730507312,0.0920221759412993,0.0388141095941658,0.6368595027673316,0.0016503517911677,-0.3208156888004564,0.3300849372576553,0.0219170937929748,0.1138729060616925,-0.2806620884504194,1.420555471202034,0.0216877348721023,-0.4181714188307527,0.4204758275300262,-0.0523810814115329,0.1086859041674162,0.207755449847789,1.4732449041266469,-0.0482089631259444,-0.4391453247517349,0.4092755746096371,-0.0472337676524852,0.0399575398320845,0.1268893004458782,1.9184499062803733,-0.046899602129639,-0.2072793818932413,0.1132892352216355,-0.0240861829175784,0.0337005857524323,-0.202580710909344,0.0768309781118743,-0.0225451057776807,-0.1318261250853538,0.0929627725854516
metal.00070.wav,6,2743.0733398472707,697.8489522378044,0.6378528218427986,2.4352096741472407,2760.634718579556,941.0045932327866,6440.172657586698,0.0174831263720989,0.0135986739769577,2.1941909790039062,10.036747932434082,0.0146439895033836,0.0002771507715806,0.1362531930208206,5626.144685324826,1151.056477465943,-0.0487904131180672,-0.0560769917442383,5695.5322265625,2325.5859375,8580.9814453125,74.1358413696289,29.527708053588867,-0.3222593963146209,0.4944078922271728,77.65840148925781,-44.82067108154297,163.62648010253906,-10.736387252807615,27.09357070922852,0.1663092523813247,0.3179314136505127,-11.526247024536133,-86.42880249023438,75.46383666992188,54.70554733276367,15.707082748413086,-0.5095207691192627,0.9944941997528076,55.25806427001953,-10.899930000305176,111.10567474365234,-7.601420402526855,10.879471778869627,0.2573621273040771,2.355192184448242,-7.887207508087158,-66.24977111816406,37.64083099365234,18.409927368164062,13.10598373413086,-0.303468257188797,0.0339653491973876,19.57644271850586,-29.41149139404297,48.92975616455078,-18.8797550201416,8.975237846374512,0.1555702090263366,0.5050303936004639,-18.965038299560547,-49.15464401245117,10.616764068603516,11.596195220947266,11.52610969543457,-0.3286741971969604,0.4722733497619629,12.38117790222168,-29.8599853515625,54.64200592041016,-14.562566757202148,8.34328842163086,0.0194602254778146,0.5395686626434326,-14.48105525970459,-45.52749633789063,16.497819900512695,18.414226531982425,8.208789825439453,0.33484548330307,0.2990860939025879,18.03610610961914,-4.80890703201294,48.78929138183594,-16.470966339111328,8.397555351257324,-0.4204234778881073,0.4758601188659668,-15.676891326904297,-49.36387634277344,7.453952312469482,12.570959091186523,7.963113784790039,-0.173200324177742,0.8357739448547363,12.712835311889648,-19.584030151367188,37.58643341064453,-10.469237327575684,8.042591094970703,0.5345963835716248,0.909945011138916,-11.115153312683104,-36.94940185546875,22.503570556640625,0.0160856665472144,0.0326842955068577,0.354669229832715,1.2036578623194971,0.0124695854656118,-0.0915584525222545,0.155330076812662,-0.0439336737293295,0.0430393110656034,-0.3353384614682482,0.357549843333774,-0.0364872117017894,-0.2522802390608306,0.0826272903575396,0.0065680615393598,0.0695346638999666,0.4465828345967709,0.7518382955773362,0.0037060640752309,-0.1865123324096209,0.2443748712539667,-0.0067003484821122,0.08509093264131,-0.0379165766985659,0.2264554246005019,-0.0041936039924625,-0.2473939917981629,0.2288133315742009,-0.0021993651810535,0.0207390613217923,-0.0296939698326085,1.0225279601074997,-0.001429829112411,-0.0825978645307515,0.079006405033128,0.0206588812972644,0.0252565133144157,0.1427013444874094,0.0598660475403964,0.0180598422884941,-0.055801998823881,0.0932119945064187
classical.00047.wav,1,1174.3248425254224,154.74206013146048,0.4968354428716057,-0.2820926534973984,1158.867874354861,833.520537292687,1671.0045480546487,0.0009779231622815,0.0005618567811325,2.0597786903381348,6.886401176452637,0.0008538047550246,5.9565114497672766e-05,0.0048743244260549,2083.791215015952,395.97108735880994,0.5586031207875611,0.0435176248109518,2013.3544921875,1259.6923828125,3165.380859375,154.08042907714844,12.900430679321287,-0.5529895424842834,-0.0751121044158935,156.03173828125,115.39540100097656,185.14306640625,-19.861961364746094,13.242061614990234,0.2633644938468933,-0.178614854812622,-20.422653198242188,-54.3869743347168,18.91386032104492,20.18265914916992,12.201448440551758,-1.206928253173828,1.8614921569824217,22.405628204345703,-25.11205291748047,46.40782165527344,3.173895359039306,9.854696273803713,0.1301905661821365,-0.7602939605712891,2.262192964553833,-21.99231338500977,31.165714263916016,0.4509460628032684,8.432355880737305,0.045945044606924,-0.383591890335083,0.53899085521698,-22.51839828491211,25.019309997558597,-6.527718544006348,6.731014251708984,-0.0743746683001518,-0.0749716758728027,-6.131572246551514,-24.93743133544922,14.904669761657717,-4.60891580581665,5.9799089431762695,0.0634068101644516,-0.3006956577301025,-4.849881172180176,-20.812854766845703,13.946763038635254,-10.05864715576172,7.657119274139404,0.3129110634326935,0.5698490142822266,-9.63962173461914,-28.51759147644043,26.242206573486328,-6.156631946563721,8.136521339416504,-0.1415317058563232,-0.2718853950500488,-5.686954975128174,-29.408771514892575,20.111083984375,-4.533360004425049,8.222322463989258,0.6584507822990417,1.0259757041931152,-5.035403251647949,-23.999061584472656,28.09624290466309,-2.7670466899871826,7.584932327270508,0.8526080846786499,1.479316234588623,-3.264353036880493,-22.223573684692383,26.082225799560547,-5.211670875549316,7.697720527648926,1.342577576637268,4.2637715339660645,-6.082557201385498,-28.605239868164062,35.39429473876953,0.3013102071820016,0.1159010481015362,-0.3566503902311198,0.6702785619978786,0.2973150059829039,-0.1587520882599391,0.5751417610155255,-0.1253817674835771,0.1828562193102099,0.5151660581119019,-0.906516225228272,-0.1823495262261996,-0.4301994102163988,0.3306900948059553,0.0629034519176829,0.2432766591408928,0.3201983297900617,-0.7882909805683487,0.0152382450178263,-0.454180398955942,0.6525084637105465,0.0156794141611402,0.2427376174929089,-0.2138080472402906,-1.012941181805754,0.033550180494785,-0.5258015515282756,0.5166705343872304,0.0088549067441456,0.080856285405562,0.1851537365580704,-0.5036604623086292,0.0038752857068955,-0.2054500105820008,0.2050680894626396,-0.0064291289614258,0.0867321832849592,0.4806335885807425,-0.6985509787435027,-0.0248028310015795,-0.1767174026463179,0.207686708541587
classical.00015.wav,1,1371.4447397866718,333.81648227293084,0.9563960499345812,0.8703475017965627,1290.442931002971,621.335373155365,2591.392368688773,0.000575593963731,0.0004117025237064,1.3395044803619385,2.543630123138428,0.0004808320663869,6.303096597548574e-05,0.0032551523763686,2619.5566270301624,783.3011803757338,0.3388063284624599,-0.3013906131364252,2637.8173828125,990.52734375,5221.8017578125,124.97928619384766,33.452091217041016,-0.170073315501213,-1.115424871444702,132.50306701660156,48.12092590332031,195.43881225585935,-19.90353775024414,13.829047203063965,0.5754312872886658,0.7517573833465576,-20.22295379638672,-52.92127227783203,29.22016143798828,27.455209732055664,14.397953033447266,-1.298537254333496,1.640641212463379,31.399890899658203,-50.33869171142578,53.174652099609375,-5.769779682159424,9.882326126098633,-0.4128388464450836,-0.6646008491516113,-3.646650314331055,-32.38524627685547,17.852859497070312,2.218913078308105,5.815412998199463,0.0953558385372161,0.3828396797180176,2.0085341930389404,-19.56119155883789,21.41260528564453,-6.560758113861084,8.897711753845215,-0.0093081276863813,-0.2489464282989502,-6.314573287963867,-33.024532318115234,22.059833526611328,10.581615447998049,11.771354675292969,1.3693952560424805,2.0670557022094727,8.497239112854004,-15.476099967956545,55.581424713134766,3.3420114517211914,16.405241012573242,0.2801408767700195,-0.247065782546997,2.602821350097656,-35.88064956665039,45.00359344482422,14.380342483520508,14.765891075134276,0.7990968823432922,0.2778792381286621,12.235811233520508,-15.303086280822754,58.741172790527344,1.9796470403671265,17.823333740234375,0.2363508343696594,0.2290723323822021,0.4816730916500091,-48.16564178466797,51.50660705566406,5.249032497406006,14.191479682922363,-0.4295164346694946,0.3181216716766357,6.834074020385742,-37.888221740722656,42.31610107421875,4.427051067352295,11.976109504699709,-0.1267259269952774,0.2751686573028564,4.4785332679748535,-33.79741287231445,40.55302810668945,0.1609479370657731,0.145142169455076,0.0095778418523754,-0.5282127788264188,0.1363088094519702,-0.3027322744087288,0.4751131829166691,-0.0616433259455017,0.1584286958410354,-0.269709582902374,0.8618080119741252,-0.060462178444776,-0.5635043974097342,0.3980202032194435,0.0149282164474096,0.2020414419595429,0.8072356514035337,6.747190516120938e-05,-0.0320051452144982,-0.410716071724892,0.5294016450643535,0.0280261826899537,0.1762710919869632,-0.4106596186833071,0.3912241673712087,0.0465249307453623,-0.4878838099539282,0.4872326739132399,0.031392567703264,0.0496226563760916,-0.4928474618875073,0.4960361447985444,0.0354801021859358,-0.1352291991254753,0.1770127665264749,0.0255232767926922,0.1088046695183349,0.6193682003661682,-0.0423537300697707,0.0092756757512689,-0.1746855948586016,0.3211991388816387
disco.00086.wav,3,1867.9449476906248,641.2348863638623,1.410437707319756,3.64118468551376,1808.1761526648556,675.8926389467239,4959.123691395604,0.0043312008492648,0.0055806851014494,3.160655975341797,13.267660140991213,0.0024212554562836,8.586932381149381e-05,0.0459784753620624,3804.782097411543,1194.4028674486176,0.6644853216928805,1.2462242359183806,3789.84375,1044.3603515625,8021.1181640625,122.07247924804688,29.14950561523437,-0.685137927532196,0.8966383934020996,125.00686645507812,8.21298885345459,189.09426879882807,-29.34126663208008,28.570837020874023,-0.2373937368392944,-0.0727941989898681,-26.776573181152344,-121.6896514892578,53.79896545410156,50.33086395263672,14.444217681884766,0.3409653902053833,0.0490000247955322,49.36723709106445,10.238649368286133,96.04302215576172,-11.952024459838867,14.529001235961914,-0.2650394439697265,0.1081252098083496,-10.848323822021484,-60.597206115722656,30.727310180664062,28.39348030090332,12.975982666015623,-0.1053500473499298,0.1194949150085449,28.77025985717773,-13.906811714172363,67.44840240478516,-7.055488109588623,11.340863227844238,0.45053830742836,0.6169252395629883,-7.880928039550781,-37.02679061889648,41.33904266357422,11.860459327697754,10.687871932983398,0.0588055625557899,-0.1451408863067627,11.57414436340332,-21.3930778503418,43.64959335327149,-8.614768028259277,9.410539627075195,0.2343681156635284,-0.0034253597259521,-9.173002243041992,-38.36137390136719,23.125259399414062,11.576042175292969,8.121517181396484,-0.1364052146673202,-0.1163573265075683,11.596136093139648,-17.118080139160156,34.105716705322266,-18.40104484558105,7.705210208892822,-0.2377709150314331,-0.0730061531066894,-18.149864196777344,-41.90303802490234,3.795490980148315,6.876073837280273,9.74610996246338,0.0984740406274795,0.0908682346343994,6.654178619384766,-22.337650299072266,41.50232696533203,-11.656872749328612,7.392337799072266,-0.2753181755542755,0.3065230846405029,-11.427186012268066,-40.532352447509766,10.23885440826416,0.0212480051769728,0.1113830201233424,-0.1907285388529274,0.4114096604778621,0.0323542918854471,-0.3042440002995272,0.4091958221697438,0.0800688727070108,0.0782018707012564,0.5288547652324571,0.7577846763172058,0.0710876488060625,-0.1338013061842624,0.3892503241134989,0.0336038232258787,0.1053036657632481,0.2058832847516428,0.0969934182116412,0.0239031575620168,-0.3190543018281465,0.3629379887133833,0.0460764924806166,0.0875459932419471,-0.7181647766943208,2.638916427793289,0.047465663403272,-0.4592831488698726,0.2851584590971466,-0.0029764066560582,0.041257024741809,-0.287198632701004,-0.1464038409461614,0.002173404387642,-0.1201174920343694,0.1349452809696168,0.0103246074811644,0.0391142056270849,0.1791930793823543,0.3738397432700604,0.0090330448001622,-0.114769075065851,0.1412089122459293
country.00064.wav,2,1511.6824072378731,444.6544939686,0.9869659432889192,3.6702023573608287,1518.6238667370892,486.7391225720966,3947.1639360711497,0.0010740074794739,0.0026531564071774,9.971868515014648,113.75944519042967,0.0006666232948191,1.0442383427289316e-05,0.0366588905453681,3237.6494865683003,1126.0707336173784,0.5261574756334055,-0.0727750379673541,3133.0810546875,818.26171875,7084.423828125,128.3734130859375,25.64198112487793,-0.3418483436107635,0.6332194805145264,127.4608154296875,31.951284408569336,196.0023651123047,-7.511242389678955,16.270963668823242,0.0439567752182483,-0.6949255466461182,-7.871078968048096,-45.80500030517578,32.14072036743164,39.28459930419922,16.11514663696289,0.3422894477844238,-0.3896675109863281,37.334205627441406,-0.5044028759002686,86.39937591552734,-2.5414018630981445,14.299473762512209,0.0338502377271652,-0.1019556522369384,-2.8173060417175293,-38.54185485839844,37.10291290283203,18.17368698120117,12.922343254089355,-0.599939227104187,-0.1086091995239257,20.33024406433105,-20.886009216308597,47.73525238037109,-15.148812294006348,11.363038063049316,0.3513324856758117,0.1616830825805664,-16.355640411376953,-47.91933822631836,23.19106674194336,16.76080322265625,12.151731491088867,0.1095176339149475,-0.6636273860931396,16.122066497802734,-15.564786911010742,47.58333969116211,-15.247552871704102,9.86611557006836,0.0181383416056633,0.427382230758667,-14.98647117614746,-49.39848327636719,15.971095085144045,4.896236419677734,11.92516803741455,-0.2697572410106659,-0.6251320838928223,6.037380218505859,-27.417858123779297,31.613311767578125,-6.500651836395264,10.431005477905272,-0.0517642647027969,0.5585453510284424,-6.501875877380371,-49.0031623840332,23.596046447753903,2.9013943672180176,9.389291763305664,-0.3754972815513611,0.1714239120483398,3.9071779251098633,-25.06668472290039,32.0748176574707,-11.4920015335083,11.006336212158203,-0.0015135946450755,-0.5872054100036621,-11.007346153259276,-40.53348922729492,19.53275489807129,-0.0502390353043338,0.2762824432311867,-0.2492959946342562,-0.5458991332572083,-0.0108581979945947,-0.7252193314356897,0.5354197355079732,0.2620189208359003,0.2039422600860642,0.0689416348373934,-0.791888307866865,0.2578074745075983,-0.1616980921275041,0.7428605104777961,-0.0714065401727724,0.2585381154607654,0.4438116787875177,0.1519208175564417,-0.0931204948574305,-0.6463044565171006,0.6112999115139246,0.0486929188507669,0.2915247829801589,-0.1167474939410255,-0.474177268685688,0.0953854881227003,-0.6505872067064048,0.7125858170911668,-0.0347314487181459,0.1067563734830529,-0.1063225878439212,-0.6574391642573696,-0.0147535759413063,-0.2735033465926473,0.283750633210075,0.0053007124927851,0.1091820802155499,0.8445444390004238,-0.1273993322056608,-0.0259119244292377,-0.1865734418388451,0.3050182394217701
blues.00096.wav,0,1132.1718112289975,564.8807888344728,3.487055397441297,17.687485902714204,1024.8481597646569,470.0673357216579,5346.007883529463,0.0009257588535547,0.0033455288503319,8.151385307312012,76.88311004638672,0.0002490605111233,2.086756285279989e-05,0.0462205335497856,2065.0724831424013,1318.3066035825525,1.8750310903230183,4.365454937060356,1690.3564453125,516.796875,7967.28515625,139.91119384765625,26.077693939208984,-1.5220229625701904,5.278940200805664,142.75180053710938,-10.276687622070312,198.41110229492188,11.903929710388184,23.002731323242188,-0.557561457157135,0.2578930854797363,14.540226936340332,-80.22193908691406,75.77991485595703,30.14179039001465,22.117929458618164,0.4748431146144867,-0.5245018005371094,26.697105407714844,-12.600296020507812,103.1882781982422,-7.542427062988281,16.261333465576172,-0.303709864616394,-0.0407795906066894,-6.739717960357666,-64.31501770019531,32.6665153503418,14.9170503616333,14.647086143493652,0.406795859336853,-0.4704334735870361,12.580938339233398,-17.106510162353516,63.59674453735352,-2.701582670211792,13.209418296813965,-0.5491917729377747,0.02665376663208,-0.966020941734314,-47.85387420654297,30.08130645751953,6.727816104888916,10.73012351989746,0.4606209099292755,0.0795671939849853,5.532233715057373,-27.06488800048828,42.26626205444336,-6.3662190437316895,11.58560562133789,-0.2380483448505401,0.2238574028015136,-5.567924499511719,-44.16596984863281,26.00974464416504,2.807929515838623,9.28511905670166,-0.0532618165016174,-0.2136361598968505,3.334451198577881,-28.29891967773437,31.935590744018555,-11.728742599487305,11.826162338256836,0.8169024586677551,1.053788661956787,-13.21292495727539,-39.24824142456055,31.38161277770996,2.077972412109375,12.1431884765625,0.4270799458026886,-0.0571908950805664,0.5891863107681274,-26.834060668945312,38.69605255126953,-11.439269065856934,9.236010551452637,-0.0637788698077201,-0.0311617851257324,-11.17974090576172,-40.42661285400391,13.616937637329102,0.2020919243261648,0.1633277801893255,0.1549908812748733,-0.2769039816339713,0.1944384521860729,-0.3162967001290926,0.6545035786081425,-0.2736434143413891,0.144496318283602,-0.1285766351877325,-0.5040631788297603,-0.2661391326271521,-0.624461887693893,0.1432799822898964,0.0638014974595857,0.2101994285673551,-0.8207111412347532,0.4176991262426832,0.0984067879617207,-0.5481924563646321,0.5439211595803494,0.2137303393167045,0.218154775317052,-0.3664955269068907,-0.0069527763461953,0.2226850688457483,-0.4264036584645511,0.6907800687476991,0.0541179129667341,0.0683026948311337,-0.0431173771216179,-0.0046207082281939,0.0567129266660144,-0.143874400345598,0.2512929964089428,-0.0429951633370016,0.0891659819376906,0.6326344574773177,-0.2503967898902832,-0.0601566121913491,-0.1944480079691857,0.2273785648867488
disco.00034.wav,3,3653.66003987046,564.2258011071171,1.1243291597012293,2.447069017696068,3584.4330051042066,2333.3700563027123,6404.598062846048,0.0883406028151512,0.0552175045013427,1.2488420009613037,2.0362982749938965,0.0770075023174285,0.0071905488148331,0.3333133161067962,7835.304773600638,745.4458236738682,0.3537460878736752,0.0694876180218813,7795.01953125,5749.365234375,10411.3037109375,52.8183479309082,13.915546417236328,-0.3835936486721039,0.3252735137939453,53.738319396972656,7.110854625701904,90.54376983642578,16.573312759399414,18.008607864379883,0.3523288071155548,0.4720218181610107,16.252971649169922,-36.66830825805664,76.84109497070312,12.56186294555664,15.042380332946776,-0.143411099910736,-0.4770073890686035,13.759870529174805,-29.03096008300781,55.31135559082031,5.6153106689453125,11.64163589477539,0.1039571687579155,-0.4124298095703125,5.352768898010254,-25.163837432861328,35.53268051147461,8.38082504272461,12.377052307128906,-0.7073735594749451,1.4720311164855957,9.099912643432615,-41.62371063232422,46.44377899169922,-0.6204211115837097,8.58081340789795,0.1144169569015502,-0.1201746463775634,-1.11958646774292,-28.00519561767578,25.359302520751957,-0.6156936883926392,8.235008239746094,-0.2142450213432312,0.0417878627777099,-0.0329758077859878,-25.8857536315918,21.664514541625977,-4.081848621368408,8.43334674835205,0.2889010906219482,0.4662098884582519,-4.399515151977539,-27.66176986694336,26.49947929382324,0.6821996569633484,8.967877388000488,0.3753377497196197,0.5557467937469482,0.4502135515213012,-28.99765968322754,34.20661926269531,-7.784730911254883,7.863788604736328,-0.4201613664627075,0.3804757595062256,-7.240597248077393,-35.25634002685547,15.02717399597168,-1.893624186515808,6.970574855804443,0.3114441633224487,-0.2728662490844726,-2.3526101112365723,-19.511180877685547,20.285476684570312,-7.254852771759033,8.443517684936523,0.1609311550855636,0.7088487148284912,-7.311429500579834,-34.353302001953125,27.00603485107422,0.0828837233404409,0.0519682779262212,0.2197279993012736,1.358296506691933,0.0812614328001155,-0.1625497978531014,0.3331603532527341,-0.0037129422317814,0.0536404354081728,-0.8724817407508008,1.0850190351097029,0.0045812304588378,-0.219544911290138,0.130233087247946,0.0160925302190642,0.0848681002809376,0.1301331817575147,-0.5887712808520855,0.0061157643795008,-0.2581999152898792,0.244409821927547,-0.0835784793531051,0.0651431454643012,0.2599437238703973,0.3887196503256733,-0.0840441808104519,-0.2445164285600189,0.1926555745303628,-0.0154706672229551,0.0278183194256998,0.4043721549746015,0.2207096870657188,-0.0162070990439469,-0.0978750706391558,0.0896273746783413,-0.0049746171603726,0.0287580459616091,0.1811897436697609,-0.1177281276709543,-0.0050990553572773,-0.0802951226942241,0.1182243106886744
blues.00039.wav,0,1151.310495419208,717.3900443644166,2.0660898191192745,6.609094844585552,929.9262632392808,313.92903688960905,5245.837316092019,0.0007781967869959,0.0034935630392283,11.48098850250244,157.85122680664062,0.0001295891415793,2.440591060803854e-06,0.0600709617137908,2312.1797282845127,1979.9028795390932,1.0851157870840855,-0.0587092543285283,1410.4248046875,269.1650390625,8031.884765625,111.53327941894533,24.3566837310791,-1.5153106451034546,3.8329086303710938,116.71134948730467,-18.06759262084961,159.8701629638672,21.896053314208984,17.366558074951172,-0.3537040650844574,0.2481999397277832,24.0795955657959,-31.144550323486328,72.7496337890625,16.150569915771484,15.556695938110352,0.0485455803573131,-0.4443774223327636,16.09270477294922,-23.784767150878903,60.249393463134766,8.198790550231934,16.848636627197266,-0.5130527019500732,-0.1874628067016601,10.09511947631836,-46.88565444946289,52.233428955078125,22.08191680908203,11.759881973266602,0.1844076365232467,0.3843858242034912,21.67977905273437,-12.884905815124512,60.11052322387695,-8.601798057556152,16.76068878173828,-1.011340856552124,1.0524353981018066,-5.292270660400391,-71.89381408691406,30.04806900024414,1.4827531576156616,10.996551513671877,0.2793774008750915,-0.2434244155883789,1.7013309001922607,-27.786880493164062,36.30518341064453,-17.077760696411133,10.637947082519531,-0.2750935554504394,0.0123264789581298,-16.557693481445312,-53.33744812011719,11.687744140625,-8.343711853027344,10.651619911193848,0.7553369998931885,0.611621618270874,-9.96036148071289,-32.92992401123047,27.771873474121094,-17.010778427124023,10.318750381469728,-0.5627123117446899,-0.0310268402099609,-15.577264785766602,-49.36266326904297,7.66787052154541,-10.576026916503906,9.443257331848145,0.5539376735687256,0.8148233890533447,-11.870594024658203,-39.14116668701172,26.825448989868164,-15.687028884887695,8.847081184387207,0.1944376081228256,0.5104103088378906,-15.87079620361328,-48.486087799072266,12.45476245880127,-0.0266325891753083,0.2130522443116916,0.1995754806543575,-0.0025783761289734,-0.0268967516169799,-0.6127769817981912,0.6563731554859649,0.2311252496608355,0.2136873900694373,0.2515184804982498,-0.5852362152450636,0.2121121163310773,-0.2963882293675688,0.7243529756646129,-0.1595145350151781,0.2768555269723577,-0.1329225179524039,-0.3098243952637602,-0.1131825633347034,-0.8392276337835939,0.5855022678151723,0.0722476541650267,0.293231796196559,-0.0905074191943747,0.2011132471459613,0.0747400643303981,-0.7554555037058893,0.7692638030275699,-0.0215142787806064,0.1136944549141764,-0.4210499766311093,0.1785642303400507,-0.0053485999091123,-0.3524113499246068,0.2660735733930521,0.0106501930624848,0.1150936534837314,0.6537266160600459,-0.2224279740288586,-0.015707356389612,-0.202023267862386,0.3286709294188767
rock.00063.wav,9,1711.1692943047158,1238.594812017428,1.411822509349133,1.5229071067875664,1402.1957734837747,248.9952125400088,6184.575056108544,0.010116602294147,0.0271709971129894,4.594150066375732,24.710079193115234,0.0013797521824017,5.999042514304165e-06,0.2646215558052063,3491.7013146207946,2882.418489248484,0.7771567125470189,-0.7586863275885922,2551.6845703125,279.931640625,9808.3740234375,116.21839904785156,50.50464630126953,-0.6051988005638123,0.0714855194091796,121.06388092041016,-30.921199798583984,225.7213134765625,44.6890983581543,26.76860618591309,0.2135919630527496,-0.3377399444580078,42.69139099121094,-36.632469177246094,119.32823181152344,25.96263885498047,23.04655265808105,0.3083345890045166,-0.2621011734008789,24.880001068115234,-36.75395584106445,90.19911193847656,18.715103149414062,17.14691925048828,0.2035405337810516,0.0593018531799316,18.826465606689453,-27.04948234558105,86.4403076171875,7.566853523254394,13.42137622833252,-0.7671300172805786,1.1813101768493652,9.395421981811523,-48.59949493408203,43.94835662841797,7.333934307098389,12.190502166748049,0.1984620839357376,0.3225765228271484,6.714996814727783,-33.71644592285156,47.316104888916016,4.033652305603027,9.77469253540039,0.2368063181638717,0.2079758644104004,3.792758464813232,-24.575693130493164,46.02658081054688,-4.181989669799805,12.035077095031738,-0.193869948387146,0.0751779079437255,-3.580652236938477,-42.54773712158203,29.94746780395508,0.8796671032905579,11.597224235534668,-0.0189844369888305,0.2455105781555175,0.9953325390815736,-35.453548431396484,38.04956817626953,0.9548349380493164,13.342031478881836,0.4834825098514557,0.8437573909759521,0.6548616886138916,-36.60198211669922,46.19865036010742,2.8209011554718018,9.810728073120115,0.2533903419971466,0.1633565425872802,2.240042924880981,-35.35823059082031,33.07047653198242,1.4063514471054075,11.276619911193848,0.1457371115684509,0.932682991027832,1.0648552179336548,-34.34373092651367,47.72677612304688,-0.0205105426531241,0.1989919495632826,-0.0976846416813941,-0.2770005518886345,-0.0229932432680898,-0.5725507395675359,0.4398039932785625,0.1953289670964965,0.2033743213584652,-0.44033192636297,-0.0814551252831035,0.214994832412237,-0.4436207229083498,0.6353065777669394,0.0053431834204067,0.2279652354358668,-0.035227413357735,0.1335511427015725,0.0032662656158205,-0.6132177812978628,0.6062232870608566,0.1817846804110323,0.2309994540422962,-0.1041918676016032,-0.4303863324666341,0.1874755667522546,-0.4416452376171948,0.7248946386389434,0.0092689254664159,0.0874049691836363,-0.6192660015746796,-0.0846479526685533,0.0285417433680195,-0.2477045973615328,0.2095962310220871,0.019617748882172,0.1002069268357651,0.4115649629014831,-0.4375935455049626,0.0048504387959838,-0.1668634293600917,0.2988899382762612
reggae.00058.wav,8,2631.118783211007,1149.6975566771107,1.0561052032120253,1.4693043760056297,2395.066149033816,612.3511115140016,7492.7211640453215,0.0326744653284549,0.047684121876955,2.90160608291626,11.104121208190918,0.0144318798556923,0.0002012058539548,0.3898444771766662,5698.113546349333,2400.286183049454,-0.0300808912394736,-1.1279214241751263,5620.166015625,484.4970703125,10228.271484375,83.94522094726562,32.51914978027344,-0.7027420401573181,1.6348886489868164,85.17962646484375,-62.78719329833984,165.91856384277344,11.21859073638916,27.88324737548828,0.5026112794876099,0.1541676521301269,9.715154647827148,-62.52689743041992,108.76036071777344,12.120247840881348,17.274015426635742,0.0498557165265083,0.3855447769165039,12.060391426086426,-46.48257446289063,75.83329772949219,21.05663681030273,17.850210189819336,-0.010669277049601,-0.4933850765228271,20.42476272583008,-29.60834503173828,71.6566162109375,9.510336875915527,13.562663078308104,0.1072326004505157,-0.2228236198425293,9.122313499450684,-31.457481384277344,51.80111312866211,0.9373276233673096,13.439214706420898,-0.2371263206005096,-0.3585500717163086,1.4594050645828247,-43.27527618408203,34.76881408691406,2.199739933013916,11.061532020568848,-0.208047017455101,0.0077128410339355,2.7549080848693848,-34.921241760253906,32.267066955566406,0.8741440773010254,10.500764846801758,0.0969270765781402,0.3272216320037842,0.6471124887466431,-39.21175003051758,36.74121475219727,1.655863881111145,11.870786666870115,-0.3711195588111877,0.3281266689300537,2.7841062545776367,-39.06143951416016,36.09998321533203,-0.4098269641399383,10.184755325317385,-0.1288289278745651,0.4626173973083496,-0.239251047372818,-42.06065368652344,28.21299362182617,0.7329441905021667,9.033841133117676,-0.0724255964159965,-0.2347309589385986,1.0614705085754397,-28.704832077026367,27.14331817626953,-4.780016899108887,9.727758407592772,-0.589419960975647,0.9926083087921144,-4.271679878234863,-45.61659240722656,21.56996726989746,0.0181067319778846,0.0548451773312133,0.655077725827818,0.3311924771702648,0.0105973268380529,-0.140743379219814,0.2020638735371402,-0.0347138169594444,0.0531787065858606,-0.4169901156794401,2.2629018996799357,-0.0367594034625268,-0.3475206676830644,0.1375618161814303,0.0337827967642606,0.0858311021845793,-0.1687230408286519,-0.3891894672163021,0.0408362969756121,-0.2300599291920665,0.2486286200582977,-0.0407002056471295,0.0958284740769597,0.1570230763573166,-0.2801517981479651,-0.0465335920453077,-0.334166467189789,0.2183308787643906,0.0011714505511086,0.0250162662098208,-0.002249322601424,0.1581605242451127,0.0027070639916636,-0.0932881619025595,0.0737095815376314,-0.006401007554918,0.0356275697924547,0.1000287211879456,-0.1823475714417259,-0.0072661619633435,-0.1127522448077796,0.097167101688683
rock.00058.wav,9,2438.175192910581,1003.0388768059852,1.4896824125951689,2.169652940180555,2201.2414893977025,758.9245402072168,6278.042656147913,0.0243072509765625,0.036347646266222,2.838369607925415,8.383070945739746,0.0108147161081433,0.0004420983605086,0.2546100616455078,5499.360249601218,2049.074385834646,0.1221551987156264,-0.7650193475980251,5544.7998046875,893.6279296875,10045.2392578125,96.97539520263672,29.40111923217773,-0.5580270886421204,0.3690581321716308,99.33209228515624,4.201715469360352,167.30239868164062,23.254150390625,17.98896598815918,0.8546680808067322,0.9189443588256836,20.49120330810547,-21.99133682250977,88.56634521484375,10.455743789672852,12.068751335144045,0.093142881989479,0.0276265144348144,10.478889465332031,-27.647506713867188,49.72275924682617,6.293646812438965,10.366636276245115,-0.2167544513940811,-0.0417709350585937,6.828215599060059,-26.799819946289062,33.631004333496094,4.963418483734131,9.005804061889648,0.0290902685374021,-0.2107996940612793,4.8391947746276855,-20.42618560791016,32.573036193847656,1.0708205699920654,8.82177448272705,0.0755619332194328,0.5876266956329346,0.7589398622512817,-30.105403900146484,30.85082626342773,1.1035850048065186,7.419718742370605,0.0867307409644126,0.0436897277832031,0.9004169702529907,-22.033239364624023,22.051414489746094,-4.849077701568604,8.056564331054688,0.193051278591156,-0.2173113822937011,-5.2758073806762695,-27.217418670654297,19.943723678588867,0.8722022771835327,7.9059977531433105,0.0499844625592231,0.0062854290008544,0.666189432144165,-22.761276245117188,25.95047187805176,-3.4491500854492188,7.575533866882324,-0.0877419114112854,-0.284942626953125,-3.29214096069336,-25.329486846923828,19.85842514038086,-2.0109097957611084,7.849733829498291,0.0537109710276126,0.3093581199645996,-2.132739543914795,-26.20403480529785,23.003267288208008,-5.901435375213623,7.384881496429443,-0.1859039813280105,-0.3864724636077881,-5.442897319793701,-28.78594970703125,14.084056854248049,-0.02116268516462,0.1751273127309539,-0.2858003661757947,-0.4929035785995852,-0.0063589604542113,-0.4621471994633285,0.3631467572385092,0.1962518253027631,0.1878088185206161,-0.7140235128315454,1.0198292633784636,0.2135591304706912,-0.4970812234345499,0.5870329466013791,0.1379722500355353,0.1764900160623936,0.1014366447410204,-0.0381328104281091,0.1291149891912933,-0.3265896607190374,0.608102881349623,0.0372454618685067,0.2182965488056043,0.1795291626579785,-0.7321673591767013,0.0138463377952568,-0.4619878400117164,0.5427868403494356,0.0059503920092635,0.0727037840490428,-0.5690607045367272,0.1215775148164675,0.0183156149507383,-0.2123629856895144,0.1761939555531603,0.0003792097795991,0.0909585153885008,0.5839572130441864,-0.3347807888098262,-0.014661188237369,-0.1586856627836819,0.246826149057597
blues.00094.wav,0,1239.633448229211,725.843289907486,0.8069558502085354,-0.0484261440586957,1069.8965760160931,288.0942174295338,4019.6970577410175,0.0011167096672579,0.0021313517354428,4.619718074798584,32.20886993408203,0.0003066023346036,4.084526153746992e-06,0.026436548680067,2519.268189892691,1680.7798357229835,0.4233777446144676,-0.996455880550016,2368.65234375,312.2314453125,6998.291015625,126.61618041992188,33.2729606628418,-0.3762931525707245,-0.4485025405883789,131.396484375,8.227298736572266,201.69528198242188,10.59690284729004,27.62676239013672,-0.0715493187308311,-0.351515531539917,11.449480056762695,-75.53243255615234,92.17173767089844,43.21016311645508,15.040852546691896,0.0595235973596572,0.8410909175872803,43.73505401611328,-3.721294641494751,94.99952697753906,12.496740341186523,15.17389965057373,-0.253077358007431,0.2522025108337402,13.740407943725586,-46.196998596191406,52.72740936279297,19.425371170043945,16.0736083984375,0.2191011607646942,-0.2406737804412841,17.190412521362305,-23.35974884033203,67.64907836914062,0.3583888113498688,11.678516387939451,-0.4408369362354278,0.0662529468536377,1.2867375612258911,-43.67369079589844,30.781982421875,12.73520278930664,8.760778427124023,0.6293376088142395,0.1443219184875488,11.516338348388672,-6.4613189697265625,40.77930450439453,-4.579190254211426,8.600637435913086,-0.5321586728096008,0.8302931785583496,-3.5778675079345703,-35.83815002441406,26.975555419921875,4.061159610748291,7.752349853515625,0.2249494194984436,-0.153069257736206,3.761890649795532,-19.68638229370117,27.74131393432617,-4.404284954071045,9.718741416931152,-0.546632707118988,0.880840539932251,-3.5654025077819824,-46.37828826904297,24.954254150390625,3.669121265411377,7.69050407409668,0.2370685636997223,0.3160619735717773,3.4299890995025635,-20.9346981048584,32.189720153808594,-1.455245018005371,8.617135047912598,0.026551766321063,-0.3309981822967529,-1.4498586654663086,-27.45494842529297,25.909168243408203,0.0978544084968367,0.1240511429223901,0.799265332577957,0.7569984300196397,0.0746598566717023,-0.2134562861554473,0.5306438205220751,-0.0458859527355705,0.1512851592459248,0.8990670447582595,1.4139951213578117,-0.0547673736665748,-0.3530959399465572,0.5449309850564966,-0.0893873002676168,0.1590053735332978,-0.1486727672670019,0.1306735847503475,-0.0743100829422478,-0.5170116676017646,0.4147628918290135,0.1391502907341208,0.1705102023217793,0.2291509339738377,0.2664569360460334,0.1136384569108482,-0.3259268850088124,0.6372410207986829,0.0396904289891877,0.0573007686671747,0.2004015260829457,1.0155776490022488,0.033567934182929,-0.1512554327804095,0.2264876542347108,0.0403168470109326,0.0779956561008732,0.321230685039683,-0.3433412693727771,0.0395180583000184,-0.121437613852322,0.2709074877202511
rock.00088.wav,9,2590.7815234504424,553.0550726649918,1.4118310490631412,4.185526790541072,2476.474324500618,1272.4613337286542,5858.721655824835,0.0161161739379167,0.0167010389268398,1.8717899322509768,3.8093223571777344,0.0089327087625861,0.0004342130851,0.1063976734876632,4889.452671838747,973.7968003308698,0.6362295852984029,0.2653681890207515,4737.3046875,2422.4853515625,8462.548828125,84.05840301513672,26.776071548461918,-0.292430430650711,-0.2017765045166015,85.76222229003906,-6.761497497558594,159.32777404785156,-50.267879486083984,18.193456649780277,0.0522655248641967,0.4868712425231933,-49.91394805908203,-107.07132720947266,15.157170295715332,46.04963684082031,15.180886268615724,-0.4091004729270935,-0.0071430206298828,47.19616317749024,0.2021517157554626,85.41793060302734,-17.698415756225586,9.32219696044922,-0.1971911489963531,1.2560186386108398,-17.47331428527832,-54.29645156860352,25.090465545654297,20.855792999267575,9.41206169128418,-0.3187891244888305,0.9558804035186768,21.37381362915039,-15.063183784484863,53.53448486328125,-21.641117095947266,10.490900993347168,-0.0310970246791839,0.5448479652404785,-20.883285522460938,-57.000274658203125,18.45940399169922,16.67160987854004,8.178888320922852,-0.2886227369308471,0.4203023910522461,16.83599281311035,-15.798138618469238,42.232948303222656,-12.95274257659912,9.160883903503418,-0.3916082084178924,-0.1317603588104248,-11.679891586303713,-42.15681457519531,15.145216941833496,12.83791160583496,8.221198081970215,-0.0806062296032905,0.5074939727783203,12.783048629760742,-18.6781063079834,42.73963165283203,-13.08016586303711,8.259259223937988,0.3211365938186645,0.6237306594848633,-13.53935432434082,-38.91288757324219,24.472949981689453,11.310620307922363,7.208106517791748,-0.2373691350221634,1.415186882019043,11.243911743164062,-22.25943756103516,36.09603118896485,-12.596916198730469,8.296055793762207,-0.1335891187191009,0.2378511428833007,-12.33846664428711,-42.205223083496094,13.76467514038086,0.0168995052435721,0.0750439277671182,-0.0997437253206493,0.3591579106354494,0.0152147542523252,-0.2517153126481093,0.3039859876393732,0.0641847040901619,0.0736434086977252,-0.1675699351863331,0.993478520616426,0.0635830021937177,-0.2430222063224684,0.3061995679133542,0.0116175173854559,0.1082979008093096,-0.2320999554301404,1.0596034368978478,0.0106066055595871,-0.4356108270585539,0.3336369395256038,0.0218702109864776,0.1032376113787577,-0.2236517805193159,0.3698779381358266,0.0243150442838663,-0.3259903006255631,0.3368236124515531,-0.0096689870564521,0.0353731497507262,0.0620059790998267,0.9979751096465446,-0.0089097501015365,-0.1405701844053961,0.1447084373510996,0.0161198239192965,0.0398234515139603,-0.2306207740516014,0.2430561016039032,0.0191108305007219,-0.1142341839149591,0.1684952112846076
rock.00048.wav,9,1646.6359254811157,343.75578803137154,0.0679536677214405,-0.6364385751891652,1640.2256412793652,864.2312590082211,2543.151199238253,0.0056580263189971,0.0048524397425353,1.9524688720703125,6.120628356933594,0.0042950152419507,0.0002158796269213,0.0415767580270767,3184.299435361079,711.4380909146637,0.2055562876736251,-0.6085410572971965,3143.84765625,1711.8896484375,5770.8984375,137.46743774414062,22.703266143798828,0.4238136708736419,-0.4180858135223388,134.59805297851562,88.39500427246094,206.11862182617188,-45.09206008911133,12.604902267456056,0.1297084838151931,0.633277177810669,-45.43680191040039,-84.55392456054688,10.103618621826172,37.8115348815918,12.410918235778809,0.0553067997097969,-0.4364430904388428,37.45426177978516,-5.334597110748291,69.91592407226562,-9.41983413696289,11.928001403808594,-0.2647513449192047,-0.1850655078887939,-8.111047744750977,-43.533485412597656,20.71040725708008,12.594670295715332,9.849828720092772,0.1582774519920349,-0.214449405670166,12.283174514770508,-15.229076385498049,40.55078125,-7.480642318725586,7.144684314727783,-0.0999415144324302,-0.0152950286865234,-7.232430934906006,-29.343036651611328,15.232277870178224,5.539186000823975,8.071000099182129,0.0244779903441667,-0.1594388484954834,5.310118198394775,-18.82832145690918,33.2525634765625,-3.740359783172608,7.910295009613037,0.3432149887084961,-0.0839672088623046,-4.421998023986816,-26.502952575683597,22.685733795166016,-2.010742664337158,6.155844211578369,-0.078823335468769,-0.1176538467407226,-1.9244966506958008,-19.017976760864254,17.297832489013672,-2.459423303604126,7.370193481445312,0.1216429397463798,-0.2588820457458496,-2.646736860275269,-25.62792205810547,20.319080352783203,-9.579354286193848,6.8246750831604,0.1169959306716919,0.1629040241241455,-9.558457374572754,-31.570602416992188,15.815725326538086,-3.1679165363311768,7.543736457824707,0.1086766198277473,-0.0041637420654296,-3.077157020568848,-25.085952758789062,23.63207054138184,0.1191048088408872,0.0777118328499035,-0.0372446857068433,0.0649578805477424,0.1199196734758116,-0.1289117797771441,0.371232329098197,-0.0601512096952028,0.0537771124394444,-0.2126353936500963,1.0742666705372717,-0.0587264760237742,-0.2738418332933577,0.1137612051060208,-0.1121159936838019,0.1257541067978587,0.80332080697659,0.1872219943732669,-0.1372369267046456,-0.3399780988693244,0.2688667997717852,0.0603779060542812,0.0788130696546541,-0.0990330977733876,-0.112411276917872,0.0587320514023292,-0.2070627436041837,0.2668753117322913,-0.0060485968448716,0.0300370737419885,-0.3869412498845855,0.2412164083081771,-0.0032339534233057,-0.1110355985648005,0.0879759494519763,0.0470938067519511,0.0477115743751547,-0.5841779799352234,-0.0680617319877741,0.0535659310407937,-0.088922486640513,0.1599734229966998
pop.00051.wav,7,4157.9880015154895,1034.22362435458,0.299401861642768,0.0020438126826798,4101.507750507663,1442.0183262218388,7600.440178249033,0.1140314564108848,0.087703101336956,1.1534096002578735,0.8768310546875,0.0921851247549057,0.0025692377239465,0.4192871451377868,8677.730976290602,1426.194214039364,-1.2892325907012256,1.332312454061756,9173.14453125,2939.2822265625,10691.2353515625,44.35686111450195,26.802230834960938,-0.0880305245518684,0.0267317295074462,45.583614349365234,-48.25341796875,122.34573364257812,12.703166961669922,18.352073669433597,0.3512753546237945,0.3089075088500976,10.92756462097168,-38.79503631591797,71.15589904785156,10.150148391723633,16.369298934936523,-0.6845740079879761,0.9542901515960692,10.72355842590332,-52.922813415527344,48.37200546264648,11.268911361694336,13.100829124450684,0.014903993345797,-0.1286656856536865,10.602960586547852,-25.88021850585937,49.547359466552734,3.966003179550171,13.578583717346191,-0.410703182220459,0.2451982498168945,4.847312927246094,-41.02692413330078,48.01348876953125,12.500946998596191,11.02989101409912,0.0086226370185613,-0.06093430519104,12.468073844909668,-20.105932235717773,44.19342803955078,-2.16764760017395,10.0032958984375,-0.5459229350090027,0.8874013423919678,-1.4964052438735962,-48.31745910644531,25.399559020996094,10.71873664855957,9.710684776306152,-0.6400386691093445,0.8193855285644531,11.564547538757324,-32.74409484863281,33.00624465942383,2.298257112503052,8.560381889343262,-0.618158221244812,0.7999391555786133,3.1475844383239746,-33.39436340332031,24.32239532470703,5.04768705368042,7.728399753570557,-0.2700456082820892,-0.0254204273223876,5.298098087310791,-23.087793350219727,26.98751640319824,-0.8659441471099854,7.515203475952148,-0.2755379676818847,0.2658319473266601,-0.1350106000900268,-27.753887176513672,21.05886650085449,3.80293607711792,8.938373565673828,-0.0175867713987827,-0.169248342514038,3.823386192321777,-26.136852264404297,29.62089157104492,-0.0142534875660708,0.0512951252594478,-0.1606766066039486,1.2223819856038736,-0.0114789308288727,-0.1842259836440096,0.170146663867605,0.087002810532936,0.062445860038996,1.0342053582847417,1.355796639509781,0.0737132394478539,-0.0563708857521101,0.3842306971299871,-0.0465802777189783,0.1106010914089983,-0.1906599407824794,1.534786073107994,-0.0386936105787758,-0.4552229605615143,0.3603543993085617,0.0416939033948787,0.0989587047942547,-0.4785595215128255,0.2848389514433744,0.0465741716325277,-0.2576394658535724,0.3131054807454346,-0.0069511095561857,0.0332836085941343,-0.3827227477702549,1.000726477808537,-0.0015642647011868,-0.1128052283876894,0.1254002089877035,-0.0281142968369672,0.0382833898487913,-0.3748550007455373,0.4094032792671274,-0.022305430844426,-0.1412608996033669,0.100454387255013
metal.00025.wav,6,2384.6349583424853,517.7032049416457,0.444439347689029,0.7006936180174392,2309.582921626819,999.9822388271608,4511.239128887384,0.0088298115879297,0.0089480523020029,2.0666072368621826,6.109335899353027,0.0054199686273932,0.0001870063133537,0.0785081982612609,4584.132502084542,1070.2912138674226,0.6743322717131167,-0.5705287116817734,4198.974609375,2540.91796875,7665.8203125,91.31722259521484,22.18126106262207,-0.2404067367315292,-0.3964104652404785,93.95011901855467,23.47446060180664,151.48748779296875,-38.845890045166016,23.497638702392575,-0.0400351770222187,-0.5635867118835449,-40.465553283691406,-100.4471435546875,27.63528060913086,75.0083999633789,14.564473152160645,-0.4925789535045624,0.9646906852722168,75.3464126586914,13.97262191772461,113.38160705566406,-3.8132598400115967,10.189629554748535,0.1735374480485916,1.3676881790161133,-4.042685508728027,-42.14086151123047,36.63662338256836,22.66558837890625,10.347977638244627,-0.0512482896447181,0.2098875045776367,22.400310516357425,-20.58358764648437,57.46946716308594,-8.119440078735352,9.210694313049316,0.2621731162071228,-0.2020397186279297,-8.55941390991211,-35.692657470703125,23.954938888549805,23.65489959716797,8.198387145996094,-0.4662198722362518,0.1540219783782959,24.43728446960449,-5.397529602050781,49.036041259765625,-14.63077449798584,6.61811637878418,0.419981837272644,0.4220826625823974,-15.038700103759766,-34.237022399902344,8.521839141845703,13.370975494384766,8.076796531677246,-0.2444046437740326,0.5375456809997559,13.625368118286133,-17.980411529541016,43.392723083496094,-9.403306007385254,6.72100830078125,-0.0962278917431831,-0.0436420440673828,-9.1398344039917,-30.885984420776367,11.383878707885742,13.70629596710205,5.650340080261231,-0.210578367114067,-0.0219008922576904,13.947713851928713,-5.422740936279297,30.12251663208008,-9.315235137939451,6.336876392364502,-0.2373028099536895,0.724524736404419,-9.07002067565918,-31.31995391845703,15.781577110290527,0.0340638518094662,0.043842903955278,0.0945231835170557,-0.32925161146435,0.0334440591621655,-0.0953172894528684,0.1707778171430801,-0.0457737798590423,0.048225751805701,0.1189941356277748,-0.3808248548338633,-0.0490555958078284,-0.184190969442103,0.1160516422905751,0.0690923582413863,0.0641342970285457,-0.4582709298293423,-0.1156210931774537,0.0782537795603268,-0.1384223289787774,0.2243193238973611,0.0545562709878326,0.0624719713966414,-0.4613953766173245,0.3950485112903474,0.0581131875514979,-0.1465513333678249,0.2048318609595295,0.0210972614948528,0.02144127019336,0.0682751774277003,0.0496887730947115,0.0214401825843814,-0.0469111744948163,0.0940969531175389,-0.02510927055299,0.020567408948741,0.4257133649908535,0.2201259467961422,-0.0264293439686296,-0.0768994893878698,0.0553233698010445
jazz.00073.wav,5,2967.8267570073363,600.191084909592,0.8202892064646358,0.2199012085121112,2844.8664858624834,1782.2595160203832,5007.524344184651,0.0429084822535514,0.0465265326201915,2.445555686950684,7.53513240814209,0.0264213904738426,0.0023471992462873,0.3327114880084991,6414.787841230424,1430.13340856895,0.0805680741792989,-1.059640250345611,6244.62890625,3251.513671875,9388.4765625,63.09341049194336,17.239330291748047,0.0758716613054275,-0.3075234889984131,62.61250686645508,15.653204917907717,115.18049621582033,5.613018989562988,21.503746032714844,0.2901622056961059,-0.6684644222259521,2.070430278778076,-48.15211486816406,70.62416076660156,24.932241439819336,9.90567111968994,0.0960093587636947,0.2176942825317382,25.07461929321289,-9.555731773376465,58.4892578125,6.194792747497559,8.286886215209961,-0.1234652623534202,-0.477494478225708,6.3548665046691895,-16.304973602294922,29.11610412597656,-2.910254716873169,8.555744171142578,-0.2277926057577133,-0.0102488994598388,-2.185725212097168,-31.953113555908203,20.750564575195312,-0.369389146566391,7.537459373474121,0.0264858324080705,0.0586442947387695,-0.5701532959938049,-24.55784034729004,22.306320190429688,-1.0819331407546997,7.139400959014893,0.0372720062732696,-0.1525397300720214,-1.3044195175170898,-23.016498565673828,22.068140029907227,-4.248424530029297,7.216060161590576,-0.254099577665329,0.0644788742065429,-4.035905361175537,-31.024620056152344,16.572399139404297,-2.32333779335022,6.032164096832275,0.1039726883172988,0.0928485393524169,-2.35221529006958,-20.70410919189453,17.561111450195312,1.5739508867263794,5.956211566925049,0.0893597975373268,0.22257661819458,1.5375386476516724,-15.254060745239258,22.07321548461914,1.9415085315704343,5.921965599060059,-0.1175445318222045,-0.3123526573181152,2.008551359176636,-15.537200927734377,19.072998046875,1.5482017993927002,6.543055534362793,-0.0049215136095881,-0.4609272480010986,1.4644935131072998,-17.32530975341797,19.949398040771484,0.0424648094226603,0.0950041973502765,0.0651730062751882,2.042304746480604,0.0468446477518126,-0.3967461834583112,0.4534298936383396,0.1160055505746941,0.131819002742636,0.184255443004652,-0.4641298052896276,0.1023387755653036,-0.2114999878842439,0.4694876089169269,-0.0023566556681015,0.1090256839335264,-0.316402618314471,0.2626687247144015,0.0006103795021768,-0.4412244167178872,0.3091280683875079,0.0953287676607718,0.1302142859863194,-0.351230544338606,0.5780100024687447,0.0941420756280415,-0.4026364982128146,0.416818248108029,0.0027704686113439,0.0484799262998821,-0.8255279877456924,1.568720563821934,0.0072156326230415,-0.2011612301849738,0.1268717705589245,0.021331171640926,0.0553535759721889,-0.0035591683708654,-0.6687762228674519,0.0207908889278769,-0.12454490782693,0.1643779817968608
metal.00058.wav,6,2459.5208917950536,359.5902884011586,1.6391705947720578,4.588418364518825,2408.1053170956943,1677.272691103156,4352.757242769967,0.0144045976921916,0.0092870760709047,2.629150390625,9.448169708251951,0.0119852311909198,0.00232834671624,0.0737087279558181,5024.347447795823,801.3383720677846,0.8944713010391492,0.9891450083380856,4931.103515625,3509.912109375,8031.884765625,100.0849609375,13.60146141052246,-0.6165396571159363,0.6717216968536377,101.3170928955078,47.179443359375,136.86944580078125,-37.59760665893555,13.124839782714844,0.2892014384269714,0.0500218868255615,-37.92216491699219,-73.29379272460938,3.248403787612915,45.95102691650391,11.246929168701172,-0.1063185781240463,-0.2739636898040771,46.4303092956543,14.699579238891602,77.5771484375,-20.771991729736328,9.32840061187744,-1.0930638313293457,1.9156136512756348,-19.936674118041992,-59.42118453979492,3.0198798179626465,25.64026641845703,7.325440406799316,-0.0748718678951263,0.291506290435791,25.781848907470703,-1.8656141757965088,47.39874267578125,-18.62899780273437,7.09559965133667,-0.1304265409708023,-0.1437981128692627,-18.27480697631836,-41.39485549926758,0.7462249994277954,26.507003784179688,5.891162395477295,0.1574294716119766,-0.0146474838256835,26.35507202148437,7.643515586853027,47.93473052978516,-20.16448211669922,7.1221923828125,-0.1369815915822982,-0.4005079269409179,-19.67889213562012,-40.709075927734375,2.2831454277038574,21.11976432800293,6.667686462402344,-0.0990610867738723,-0.1177184581756591,21.199596405029297,-1.281741738319397,39.505470275878906,-13.650189399719238,5.960834503173828,-0.0143671818077564,-0.0707759857177734,-13.689716339111328,-31.863862991333008,8.321051597595215,10.96607494354248,6.726738929748535,-0.1138046607375145,-0.4451532363891601,11.158319473266602,-7.456693649291992,29.91305160522461,-15.529786109924316,6.183510780334473,-0.203925222158432,-0.1027421951293945,-15.372369766235352,-36.98851013183594,1.8926838636398315,0.0720602458578768,0.0483126029897166,0.0162251227215129,0.6116257092093975,0.0719206063592425,-0.1189566706153221,0.2213393535883372,-0.0022178235566334,0.0649868891091556,0.3388403285305354,0.2854494713826185,-0.0063519036023189,-0.1796941393192748,0.243854951337014,0.0234659415571059,0.0710983098684521,0.4355156861062003,0.4234356579677589,0.0207060351967804,-0.1586149893701081,0.301115799695253,0.0034042479987532,0.0751971371026843,-0.3097012266081907,-0.2034856868716943,0.0108263120055194,-0.2311953902244572,0.2262126393616196,0.0005586646343627,0.0257228208808558,-0.4872213482529817,0.121850700299444,0.0039234705577752,-0.0939997591226921,0.0928124399400317,-0.000463666142975,0.0262336983894448,0.0076510674860662,-0.1642298351022373,-0.0004608891904353,-0.0854329261928795,0.0766927842050791
blues.00017.wav,0,1089.0053437267554,481.3241023265417,0.8325613707958188,-0.2743983669667571,942.8852505860222,373.63688865221,2496.072311012481,0.0004619841347448,0.0006178951007314,3.1449315547943115,15.094182968139648,0.0002200712187914,1.1156323125760537e-05,0.0068206377327442,2135.41761075261,1039.989055283002,0.0846984957016634,-1.0945876099060263,2024.12109375,333.7646484375,5135.6689453125,140.4812469482422,28.287134170532227,-0.6895958185195923,0.1679761409759521,143.6971435546875,43.7233772277832,194.8542022705078,-2.7912185192108154,28.21038055419922,0.1091728433966636,-0.5298807621002197,-2.389958381652832,-76.39078521728516,78.83074951171875,60.40451431274414,18.997026443481445,0.4149644374847412,-0.097071886062622,58.0446891784668,5.664799690246582,115.45480346679688,18.903512954711918,15.34406566619873,-0.6072016954421997,-0.1337523460388183,21.24498176574707,-33.38017272949219,53.01226806640625,9.828393936157228,9.991209030151367,-0.2719216048717499,1.4081964492797852,9.819024085998535,-34.273399353027344,49.35841751098633,3.563823938369751,10.888111114501951,-0.0855672061443328,-0.2494063377380371,4.1026811599731445,-28.81747055053711,34.655792236328125,0.5228624939918518,9.659253120422363,0.4096712172031402,0.3635494709014892,0.1885615587234497,-28.13821601867676,34.447357177734375,-16.378488540649414,11.362887382507324,-0.4192824363708496,-0.2019805908203125,-15.467923164367676,-53.54914855957031,11.219564437866213,6.6293535232543945,10.258174896240234,0.3697453141212463,-0.0255336761474609,5.698825359344482,-20.434947967529297,42.23138427734375,7.258424282073975,9.839571952819824,0.6981394290924072,0.4190075397491455,6.160793781280518,-17.965652465820312,43.17486572265625,-4.02123498916626,8.445611953735352,-0.1603856533765792,0.002636432647705,-3.837313652038574,-32.23046875,19.696962356567383,1.6011252403259275,8.541871070861816,0.1342155039310455,-0.0668315887451171,1.3581830263137815,-23.2959041595459,29.24099349975586,0.0552583259489863,0.0678894611457948,0.454810615516913,0.4881072074023773,0.0485608706831666,-0.1444600878112235,0.2767599428301942,-0.0579438337609518,0.0810352801661002,0.0049098771279261,0.9741475484798716,-0.0559950822663323,-0.3510587528373373,0.2402167611287566,-0.0471718320644649,0.1078212606447608,0.1829056163133507,-0.035631482468394,-0.0531577803194527,-0.3759369757026439,0.2614344544708724,0.0532740255369755,0.0978430434940359,-0.3106747113682533,0.2933144438586597,0.0594694688916202,-0.260782271623612,0.3241585977375504,-0.0144928028345543,0.0386426470827717,-0.0924776668980178,0.098471173382785,-0.0145627359607025,-0.147417157994427,0.101097785608574,0.0291976481618479,0.0468504716889251,0.2278988859387682,0.1565169453279273,0.0301614552736283,-0.0842625414952634,0.1886108042672276
hiphop.00053.wav,4,3079.233973255754,1147.2115855771622,0.3341711430020795,0.0100164230063746,3078.7656884892194,616.0010506208507,6800.337875956715,0.0518187694251537,0.0662634074687957,2.1763241291046143,5.042472839355469,0.0271737650036811,6.992808630457148e-05,0.367065817117691,7003.6118651210845,2136.263325505377,-0.9704242076963636,0.2750525803400143,7590.4541015625,301.46484375,10120.60546875,66.67506408691406,33.422576904296875,-0.5377344489097595,1.7639446258544922,67.52027130126953,-50.93567657470703,179.08795166015625,44.269439697265625,25.33109474182129,0.281317800283432,0.0314819812774658,43.22065734863281,-35.40218734741211,137.912841796875,22.51215934753418,21.361860275268555,0.2310020327568054,-0.0506153106689453,20.61386108398437,-36.0953254699707,83.2437744140625,6.504937171936035,15.056676864624023,0.0590345039963722,0.3495144844055176,6.281869888305664,-39.761810302734375,62.31246948242188,8.84709644317627,11.232345581054688,-0.0515394657850265,0.543220043182373,9.241998672485352,-34.08798599243164,50.11099243164063,11.890134811401367,11.661749839782717,0.12822225689888,-0.1844782829284668,11.602547645568848,-22.799129486083984,51.33609771728516,5.83882999420166,9.458353996276855,0.6583037972450256,1.0772705078125,4.942370891571045,-18.78989791870117,49.13433837890625,3.045294523239136,8.859225273132324,0.465223491191864,1.3624629974365234,2.67944860458374,-26.59749412536621,50.07229995727539,6.454954147338867,9.81785774230957,0.6782591938972473,1.2942266464233398,5.855676651000977,-20.7769832611084,53.31065368652344,3.565835952758789,8.826129913330078,0.7284309267997742,1.5826973915100098,3.0555419921875,-22.994457244873047,40.26734161376953,2.524190664291382,7.928194046020508,0.1248234212398529,1.505634307861328,2.4356579780578613,-28.568683624267575,34.77729797363281,3.829878807067871,7.531944274902344,0.2237366884946823,1.442380428314209,3.7219491004943848,-21.72589492797852,39.7697868347168,-0.000801100581824,0.0405413027221435,-0.674095253569986,0.6506353211159905,0.0059494947534838,-0.1677779281758257,0.0978598551753904,-0.0033569151892764,0.0352396826005755,-0.0179876363752624,-0.0157366783926544,-0.0025508926312933,-0.1183855381176627,0.0988796628064381,-0.0046606818235673,0.0379228007737219,0.2631291020245083,0.5269587354370926,-0.0060394033789639,-0.1233221329748635,0.1467556729912754,-0.0143968255071106,0.0564466367078084,-0.0196194933119682,0.2192934118365967,-0.0136936306953434,-0.1813287399709229,0.1545947529375549,-0.0115572767462701,0.0213832646413539,-0.6445067323077729,0.5052128585758551,-0.00804044512753,-0.0895583195653112,0.0416495116968066,0.0117638785765151,0.0236244267166835,0.2072857061690756,0.0262216907453058,0.0116998637095094,-0.051947897300124,0.0891119195148348
hiphop.00000.wav,4,2668.000439693198,646.9759461345911,0.1150093429924506,0.2357849302440411,2659.844700758833,915.174594432834,5259.474350342351,0.0221215821802616,0.0186086595058441,1.1860393285751345,1.7062005996704102,0.0166843235492706,0.0001192795389215,0.1319526880979538,5475.470551315981,1250.7024583919294,-0.6814379673182838,0.3932541692771707,5587.8662109375,1324.2919921875,8064.1845703125,84.78052520751953,27.397537231445312,0.4074632525444031,1.4586200714111328,83.82620239257812,-11.487646102905272,209.8310546875,-31.53462791442871,23.427021026611328,0.470810055732727,0.3052482604980469,-34.218353271484375,-105.53189086914062,57.0010986328125,33.90174102783203,20.180635452270508,-0.3522967100143432,0.2717056274414062,34.51579284667969,-32.25157928466797,91.244873046875,-19.83676147460937,12.600176811218262,-0.0466964058578014,0.7308907508850098,-19.47451400756836,-60.20011138916016,21.862064361572266,23.553936004638672,11.64811897277832,-0.0925638303160667,-0.3335304260253906,23.73799705505371,-13.477941513061523,61.29397964477539,-22.136857986450195,9.675195693969728,0.0243975203484296,0.1510586738586425,-22.364707946777344,-51.20509719848633,8.149741172790527,20.026500701904297,9.838653564453123,-0.0491344891488552,-0.2256805896759033,20.119407653808597,-7.096275329589844,47.20320129394531,-16.76481056213379,9.669188499450684,0.0296174399554729,0.3260998725891113,-16.927227020263672,-53.25951385498047,19.9516658782959,19.21947860717773,7.472245693206787,-0.1026787683367729,0.0508599281311035,19.320785522460938,-6.492815017700195,40.85431671142578,-13.098828315734863,8.66529369354248,0.396100789308548,-0.083184003829956,-14.027336120605469,-34.18448638916016,16.745567321777344,11.502166748046877,7.242873191833496,-0.0089576644822955,0.4057109355926513,11.460843086242676,-18.53704261779785,32.70916748046875,-10.718428611755373,8.612100601196289,0.0339241437613964,-0.4169561862945556,-10.505453109741213,-33.79168701171875,14.83848762512207,0.0388343782291124,0.0527087516892421,1.314032473653521,2.1441966013294635,0.025149157200519,-0.0807585217417611,0.3097167345180514,-0.0065602233081242,0.0404313087375343,0.2112133215669773,1.4529563895555038,-0.0085890774251262,-0.1621818097227761,0.1622277218860524,-0.0032847577278137,0.0519414404988049,0.197735228803573,1.2309431465307332,-0.0025495216250424,-0.1856930442154412,0.2128921411931509,0.0189828702852947,0.0474509474763289,0.0265157832474556,1.1033750856221198,0.0155140310525887,-0.2111557163298134,0.2167431600391858,-0.0009268547303,0.0222095456015345,0.4272708871449277,0.5131432053709943,-0.0037354897934073,-0.0815295516543297,0.0828281455644316,0.0017044711054921,0.0215141196067871,-0.5280101638950054,1.2085201483870025,0.0033526076003909,-0.0789826391264795,0.0776057168841362
reggae.00090.wav,8,2868.345134306658,1163.41825298024,0.5916402136145429,-0.5022812469218474,2644.2904853894897,858.0735791870851,6357.0393874042575,0.0464590080082416,0.0663901790976524,2.268657922744751,5.542186737060547,0.0173305906355381,0.0001914489839691,0.4182122945785522,5797.136304107454,1889.3639839805091,-0.1833419164576878,-1.1110112279282645,6029.296875,1862.6220703125,9646.875,65.99195098876953,35.87449264526367,-0.1081299111247062,-0.8071291446685791,66.36163330078125,-39.31763458251953,150.4183807373047,4.441192626953125,29.4550895690918,-0.0898948013782501,-0.6325783729553223,4.147432327270508,-82.07798767089844,80.77766418457031,30.03376007080078,16.335926055908203,0.2238265424966812,0.0745387077331543,29.23178482055664,-18.037612915039062,84.35639190673828,16.64228630065918,13.670403480529783,-0.289996474981308,0.3811304569244385,16.719911575317383,-33.973297119140625,58.500755310058594,16.51213836669922,12.91969871520996,-0.0178965386003255,-0.2972505092620849,17.03107452392578,-19.516138076782227,54.58066940307617,-6.404064178466797,12.0918550491333,-0.0601912699639797,-0.2654047012329101,-5.986937046051025,-45.53287506103516,31.461231231689453,15.292219161987305,9.974488258361816,0.0412718318402767,0.0874385833740234,15.462900161743164,-15.902059555053713,45.58688354492188,4.611588954925537,10.139423370361328,-0.3204309046268463,0.7626066207885742,5.2044525146484375,-36.21397399902344,39.47946166992188,5.086444854736328,10.486924171447754,-0.0392054989933967,-0.0855495929718017,5.0138702392578125,-28.747303009033203,35.52069854736328,5.585365295410156,8.811859130859375,0.2628495097160339,-0.2094900608062744,4.820237636566162,-18.72676467895508,32.67991638183594,-0.7835896611213684,7.566883087158203,0.0249497834593057,0.018397569656372,-0.6687068343162537,-27.762378692626957,22.250099182128903,6.05524492263794,7.75477409362793,-0.1499148458242416,0.235386848449707,6.245491981506348,-25.58278083801269,30.63680648803711,0.0699138957436465,0.0547804910725253,0.4304407103237139,0.0892843881075058,0.0639677777886809,-0.0859445840872946,0.268911048743796,0.0295420941611571,0.0722148921707887,0.9728059725535524,3.8446571658414914,0.0238763058349043,-0.1817395137617883,0.4063117615541519,0.034092918366816,0.0986010394044478,0.1158052369978462,-0.3729703982739107,0.0298116579651828,-0.21710466220975,0.2872610352933402,-0.0429627182969085,0.113585646080261,0.6307508838865342,1.5433693721731938,-0.0408562608063224,-0.3303020596504216,0.4332213252782819,0.0034251874433342,0.0417142544101708,0.0108987118293449,0.1488665022656849,0.0001116586447692,-0.1128275681821335,0.1528531281314599,0.0046731071706576,0.0366255521048547,1.2445179955837478,3.387352743009181,-0.0011444399133322,-0.1049442840740081,0.1844152486883104
disco.00090.wav,3,2574.459663761324,657.7990364617452,0.3582707201575202,-0.5273462989306532,2457.410982245542,801.6328014234942,4527.647177936401,0.0177440550178289,0.0167156979441642,1.4177316427230835,1.5127520561218262,0.0111319972202181,0.0002823896938934,0.0860331952571868,5458.62535799739,1211.5841290686683,-0.3523952682155005,-0.8918675004884711,5663.232421875,1399.658203125,7482.7880859375,88.54061889648438,24.14895248413086,-0.1321687996387481,-0.6438241004943848,89.84735870361328,20.972400665283203,160.05325317382812,-16.764917373657227,18.804094314575195,-0.2404360026121139,0.6585416793823242,-15.620967864990234,-90.00555419921875,56.30169677734375,42.784759521484375,14.379344940185549,-0.0163704771548509,-0.8107378482818604,42.29767990112305,6.217394828796387,79.07987976074219,-9.905494689941406,10.96481990814209,-0.1999625563621521,0.1376204490661621,-9.156164169311523,-49.89472961425781,21.01562118530273,29.1658878326416,10.116966247558594,-0.4247975647449493,-0.0994758605957031,29.968276977539062,-7.333507061004639,53.03268051147461,-19.35784339904785,9.62806224822998,-0.0397628173232078,-0.2641689777374267,-19.08216094970703,-44.5020751953125,7.806419849395752,20.462629318237305,8.296839714050293,-0.1101790964603424,0.3022971153259277,20.531673431396484,-7.867063522338867,46.07268524169922,-16.48971939086914,8.074324607849121,-0.0684997141361236,-0.1499197483062744,-16.14226722717285,-44.28040313720703,9.965784072875977,15.013232231140137,7.469815731048584,0.0123485596850514,-0.1404647827148437,14.959794044494627,-7.145008087158203,44.16879653930664,-8.762800216674805,7.322500228881836,0.1624345630407333,0.216409683227539,-9.132894515991213,-31.722705841064453,20.32090377807617,12.773268699645996,6.744411468505859,-0.6180049180984497,0.2650728225708008,13.634676933288574,-10.682601928710938,30.753177642822266,-7.757984638214111,6.408943176269531,-0.1894075572490692,0.486558198928833,-7.651069164276123,-31.767475128173828,14.358863830566406,0.0265501504588222,0.0591655054927961,0.8370158985891736,2.9177918752280174,0.0167103844185957,-0.1588563634577914,0.2796477554246114,0.034169374771786,0.0445192171809012,0.7433213276848925,0.6950521683927757,0.0254109554283346,-0.1185664684964511,0.2017152724546539,-0.0102933423056315,0.050983595052385,0.4167088268616569,1.70097165546939,-0.0130331441760068,-0.1901948861777788,0.2077218741178509,-0.0057038961011525,0.0610108162611834,-0.2577725406014788,2.0977134302916127,-0.0010768398642544,-0.2673796415328984,0.248969160020351,0.0046297288856918,0.0194104262812764,0.035358546588933,3.2446008913791022,0.0030210099671177,-0.0886624339621729,0.1012901894877057,-0.0094444261685918,0.0206809189900478,0.1608884409309141,2.751562016489591,-0.0093460232019423,-0.1016473695635793,0.0788163458928466
jazz.00010.wav,5,829.6061464931178,413.64215971275735,0.5790804521628413,-0.7163550216024892,739.2391441593838,205.43167368496935,2030.5372880659493,0.0001161089967354,0.0002316479803994,5.006857872009277,31.628101348876957,4.1045990656130016e-05,7.425903163493786e-07,0.0024999701417982,1554.3458730604698,849.5660156128965,0.1541401686273261,-1.2635227045030013,1571.923828125,183.0322265625,3499.1455078125,162.64056396484375,23.600004196166992,-0.1601607054471969,0.0041923522949218,164.73159790039062,90.42181396484376,239.26217651367188,-16.489927291870117,54.07504653930664,0.1811713278293609,-1.167751431465149,-18.76691436767578,-102.44813537597656,92.14064025878906,39.12443161010742,16.39640235900879,-0.0036956118419766,0.1151919364929199,38.06658935546875,-11.015932083129885,82.16456604003906,31.42814445495605,14.147141456604004,-0.1598097383975982,-0.792783260345459,32.25586700439453,-5.698453903198242,64.49054718017578,15.258031845092772,11.502781867980955,0.5513044595718384,-0.4062340259552002,13.255622863769531,-9.912979125976562,48.72093200683594,-0.6904928088188171,9.252205848693848,-0.1135842204093933,0.6141483783721924,-0.4459927976131439,-33.069610595703125,28.20578384399414,5.800407409667969,8.891493797302246,-0.0156167447566986,-0.5413918495178223,6.178968906402588,-18.987030029296875,29.195491790771484,-8.641589164733887,13.221757888793944,-0.4300340116024017,-0.3062119483947754,-5.579115390777588,-44.628196716308594,33.20750427246094,-4.002048492431641,9.937241554260254,0.4830552339553833,0.6341500282287598,-4.41075325012207,-30.323740005493164,28.99066162109375,1.3683022260665894,7.015774726867676,-0.391404241323471,0.2530970573425293,2.300743103027344,-23.2550106048584,23.14724349975586,0.0720922425389289,6.422680854797363,-0.2317856252193451,0.0088832378387451,0.3697558641433716,-21.029491424560547,19.518047332763672,-3.100714445114136,6.869593143463135,-0.0552823022007942,-0.564661979675293,-3.145235538482666,-24.135473251342773,16.752832412719727,0.1186420475555509,0.2371422917785025,-0.1505414745405589,-0.1516848599951408,0.1245691943127278,-0.5668327403893454,0.7089137941295192,0.1706240760257085,0.1833262401262745,-0.1241101856111708,-0.4222302453076487,0.1635409549166043,-0.3150429923207253,0.5982009134312122,0.0930938781919757,0.2527576087106482,-0.1938058578633102,-0.8823166754104901,0.0994325168430803,-0.4896751195192339,0.6493630576878786,-0.091875042798025,0.233402315490782,0.0313278327788954,0.437734761547373,-0.1091804429888734,-0.8038994907401504,0.4681071373634031,0.0138234156310246,0.0847799694834765,-1.418216505795323,3.638886743869104,0.0295369264458193,-0.3372280675572749,0.2392698542168285,0.0003224591552067,0.1136657735712909,0.5118059968250681,-0.4100269894360759,-0.0160782863385969,-0.1968746397178613,0.2859477961901576
pop.00079.wav,7,1995.186312712328,977.102096872202,2.580439717697144,9.755185631550852,1764.4513429552062,753.456471268506,7523.680993248696,0.015081450343132,0.0300936177372932,4.621805191040039,25.1320858001709,0.0060556712560355,0.0003322863194625,0.2648178935050964,4383.364110535093,1980.547238663484,0.8641689221783092,0.1591064951509544,3811.376953125,1001.2939453125,10508.203125,103.15287017822266,34.659690856933594,-0.9820727705955504,2.0939154624938965,107.2003173828125,-62.5709228515625,166.01791381835938,8.712922096252441,22.62086296081543,0.4537133574485779,0.4688062667846679,7.362009048461914,-51.38315200805664,100.58390808105467,31.704931259155277,13.937697410583496,-0.0105113154277205,1.1546850204467771,32.12478256225586,-17.60415267944336,84.57910919189453,12.51040744781494,10.331297874450684,0.5362961292266846,0.4703693389892578,11.258058547973633,-27.4993953704834,49.43583679199219,3.4897336959838867,13.708247184753418,-0.8356134295463562,0.1574337482452392,6.707605361938477,-44.48204040527344,34.39661407470703,3.933358907699585,8.548967361450195,0.7838385105133057,1.3877806663513184,3.140570640563965,-23.6877555847168,37.254859924316406,-0.1538849771022796,8.047606468200684,-0.279521107673645,0.8765733242034912,0.0262739658355712,-31.581199645996094,27.348791122436523,-3.906158208847046,8.5750150680542,-0.7040139436721802,0.8829772472381592,-2.927102565765381,-36.7979736328125,17.871440887451172,3.2333571910858154,7.734640121459961,0.91509211063385,1.014603614807129,2.0127992630004883,-15.693719863891602,31.168994903564453,-6.36548376083374,6.513986110687256,-0.4058883786201477,0.9321365356445312,-5.87401294708252,-30.062299728393555,15.805221557617188,-1.5428926944732666,7.071493625640869,-0.0684148520231247,-0.1757276058197021,-1.3777143955230713,-25.7844352722168,20.465978622436523,-3.217275619506836,5.802647590637207,0.0540108643472194,0.263108491897583,-3.2523138523101807,-21.03089141845703,19.54302978515625,0.0003460115787769,0.0495039144810486,-0.2930561695773714,0.2710421762646375,0.0021203543569375,-0.1841848879131367,0.1377052317215367,-0.0791795862292273,0.0697502025732642,-1.0334232048282983,2.478569040524479,-0.0732755646458736,-0.4149206475067397,0.1161601326165324,-0.003364037913944,0.1067352876582269,0.2792431585339747,-0.4088119929724225,-0.0098262801766399,-0.2562587000429637,0.2944328188896176,0.0129524033044139,0.0787492457828175,0.3039507530883232,1.1262568010843754,0.0083435252308841,-0.2666871454566721,0.2858019024133679,0.0049794468591556,0.0336047974407749,-0.3546418237425209,0.3859871502495693,0.0059219941500493,-0.1034532103634091,0.1018229005900929,-0.0115659454299391,0.0376429291582125,0.2393858347028375,-0.1843730616452603,-0.0143501264974474,-0.1076265554875134,0.1217443570494652
country.00079.wav,2,963.6542369667936,533.1313470552768,1.6667932043150069,2.9385196786040364,767.1280430014298,370.8965024465326,3303.0633490527084,0.0004972731112502,0.0010563182877376,4.401584148406982,27.313051223754883,0.0001028197220875,4.638165137293981e-06,0.0115966070443391,1754.931074173434,1287.5555592442165,1.5593381446674597,1.927056639487204,1173.5595703125,473.73046875,7245.9228515625,180.3300323486328,37.87565231323242,-0.8751835823059082,0.4046709537506103,189.53778076171875,60.569244384765625,251.42459106445312,4.537211894989014,26.906085968017575,-0.3072418868541717,-0.5390291213989258,7.626721382141113,-83.39067077636719,68.86311340332031,24.171106338500977,17.383609771728516,0.5612537264823914,0.0572574138641357,21.28110122680664,-13.50146484375,80.92003631591797,1.091143250465393,21.2236385345459,-0.4062329232692718,-0.8893368244171143,5.827380657196045,-55.91600036621094,41.11903381347656,4.01537561416626,13.190174102783203,0.5445706844329834,0.336031436920166,2.4484400749206543,-30.077831268310547,47.21394348144531,-6.0064873695373535,14.105257987976074,0.3451998233795166,0.3520183563232422,-6.297807693481445,-46.87200164794922,39.826751708984375,1.902865290641785,12.768434524536133,-0.1637754440307617,0.1419081687927246,2.2495205402374268,-50.34706878662109,37.37469482421875,-13.129048347473145,10.705469131469728,-0.1877486854791641,0.0903728008270263,-12.11939811706543,-49.58492660522461,19.975250244140625,0.0159857831895351,14.460088729858398,0.4405377209186554,0.2696950435638428,-1.1363165378570557,-40.96094512939453,55.25152587890625,-13.500771522521973,10.485736846923828,-0.4645752012729645,0.3930625915527344,-12.896567344665527,-54.3453369140625,13.085100173950195,1.5909428596496582,12.127135276794434,0.4370029270648956,0.0792722702026367,0.9308012127876282,-28.133811950683597,41.37847900390625,-13.42215633392334,9.684863090515137,-0.7225946187973022,0.6874148845672607,-12.163352966308594,-50.9786376953125,9.80761432647705,0.2367915941997012,0.1770753038160061,0.0612836567711899,-0.8630647234985802,0.234284892482863,-0.1867572248823006,0.6937401332561973,0.1703925025409765,0.1827780409717685,0.1233794723895469,-0.4415227740153935,0.1598120214038695,-0.3288544268044243,0.6241325414894039,0.0348306006257841,0.2885111808009729,-0.2198180918671453,-0.9547960191395876,0.0650035478174682,-0.593225445598364,0.6521910224109888,0.1345611583767061,0.1814099610101459,-0.4334271764509647,-0.3724554786478857,0.1589021570980537,-0.3017032081261279,0.5572724696248768,0.0249931244937036,0.1010718310983885,-0.1281546349359954,-0.4564477894227678,0.0270161962454477,-0.2501913537012839,0.2566105873315911,-0.0044620343872395,0.0864299304055648,-0.0293643019887172,-0.5328127626912726,0.0030790809541941,-0.2017886319663369,0.2423528041690588
pop.00091.wav,7,3694.9173919656873,878.7931460942908,1.1667920341365283,3.2391015893476096,3596.918980974575,1580.49992751918,7967.774004773518,0.0988143160939216,0.082129567861557,1.1642311811447144,1.1319398880004885,0.0764599815011024,0.001278051524423,0.4704285860061645,7867.821076076711,1246.2327575647412,-0.557930410630868,-0.2172954485323406,8096.484375,3563.7451171875,10486.669921875,42.05664443969727,21.55861091613769,-0.9541972875595092,3.079742431640625,43.39818954467773,-78.88082885742188,108.732177734375,8.262311935424805,24.47956657409668,-0.4779112637042999,0.2281289100646972,11.659128189086914,-86.83297729492188,69.98004150390625,17.968647003173828,18.162109375,-0.5077354907989502,0.4446773529052734,20.067325592041016,-43.33413696289063,70.95731353759766,14.042865753173828,14.95003604888916,0.2727559208869934,0.5389187335968018,13.17385482788086,-28.047727584838867,74.8889389038086,7.356530666351318,15.054152488708496,0.1028958857059478,-0.4287106990814209,6.391629219055176,-36.81132507324219,49.48175430297852,5.724671363830566,12.84815502166748,-0.0802059173583984,-0.5694470405578613,6.706591606140137,-28.095338821411133,41.1467170715332,-1.8928552865982056,10.243027687072754,-0.1380588710308075,-0.0237822532653808,-2.195160388946533,-36.87104034423828,26.296466827392575,4.611337184906006,10.028796195983888,-0.0172209050506353,-0.345473051071167,4.3669023513793945,-24.54627227783203,33.55967712402344,2.078214168548584,8.30439281463623,-0.1021788045763969,0.2997148036956787,2.190574884414673,-27.364898681640625,26.93331527709961,-1.0689780712127686,8.094874382019043,-0.2750526964664459,0.6155655384063721,-0.7468373775482178,-31.41952514648437,28.01397705078125,-0.6599501371383667,8.038195610046387,-0.124010220170021,-0.2396209239959716,-0.3497304916381836,-30.501056671142575,21.16010856628418,-2.4383575916290283,7.29415225982666,0.0603494010865688,-0.0564136505126953,-2.7351815700531006,-24.955341339111328,21.82965469360352,-0.0337404971283146,0.0623909081622286,-0.6782804297509095,1.599777680473749,-0.028133634009508,-0.3491866093037957,0.1509794437132126,-0.0706683995443895,0.0667868512350436,-1.106611871682665,1.875715570413412,-0.0570438042451245,-0.4097485531208262,0.0895625826441502,-0.0240228346592912,0.0866812680787998,0.0906288139709163,1.1563666724429664,-0.0314595811069015,-0.3177511841058735,0.2878420855849975,-0.0085999445221913,0.0717425671864173,-0.0027829580071817,1.856104400917561,-0.009322721511126,-0.3232904709875587,0.2833432294428346,0.0120858495030816,0.028479258885404,0.3786413304570915,1.508808533476394,0.01163323381792,-0.0688790708039268,0.1294866484185366,0.0019699347325026,0.0279642771904626,-0.3034924177844071,1.4153502292716524,0.0041601872071624,-0.1030517439357936,0.1090866746380925
metal.00090.wav,6,2141.5802033326463,475.0509692008456,0.2788277039724249,1.1357383597542627,2127.7672550763546,598.9765347877959,4343.619306249943,0.0048179868608713,0.0032803108915686,1.373368740081787,2.690052032470703,0.0041526341810822,7.580509554827586e-05,0.020782072097063,4683.230201384861,897.9775648002129,0.0491179337847292,2.343110061120596,4651.171875,1044.3603515625,7751.953125,100.64615631103516,19.37175941467285,0.5238867402076721,1.2514872550964355,100.2878189086914,45.20504760742188,188.57763671875,-23.339113235473636,15.077610969543455,0.1105002388358116,0.2545738220214844,-23.863910675048828,-66.54960632324219,32.0601692199707,52.49063491821289,10.606481552124023,0.7833056449890137,0.74172043800354,51.11487579345703,23.990917205810547,97.66543579101562,-7.746713161468506,6.872631072998047,-0.2542494833469391,0.363032579421997,-7.415002822875977,-33.14104080200195,13.953744888305664,39.5909423828125,7.140127182006836,-0.4689667224884033,0.5818462371826172,40.25552749633789,15.073607444763184,58.88838195800781,-7.766726016998291,7.4103569984436035,-0.4538842141628265,-0.0165789127349853,-6.922167778015137,-32.7498893737793,12.364858627319336,26.725873947143555,5.914042949676514,0.0434991233050823,0.3911724090576172,26.892539978027344,5.647960662841797,49.11121368408203,-12.482563018798828,6.989932060241699,0.0443176180124282,0.9262535572052002,-12.429408073425291,-37.1655158996582,17.23646354675293,11.733806610107422,6.707821369171143,0.6181402206420898,1.296189308166504,11.137062072753906,-10.027432441711426,40.07621765136719,-10.551813125610352,6.248236656188965,-0.0601182132959365,0.0679337978363037,-10.530738830566406,-30.379749298095703,10.376279830932615,23.023441314697266,7.845318794250488,-0.1824357062578201,0.0531535148620605,23.235919952392575,-4.121933937072754,46.46627807617188,-9.955352783203123,7.739287376403809,-0.3543417453765869,0.2834362983703613,-9.625617980957031,-37.7401123046875,12.193519592285156,-0.0038614751421664,0.0995697876115838,0.1823341836834153,-0.1978763690038349,-0.002982407652543,-0.2429644162722888,0.320914043768027,0.0017553409042666,0.1073501557333231,0.1285010444168935,-0.88326129005535,-0.0265668767230489,-0.257648283157637,0.257839154059908,0.0053412849364447,0.1067819457493103,0.0949020124372433,-1.0267223069870826,-0.0006884336471563,-0.2433311566710479,0.2556723244488235,-0.0143626831033991,0.135651918441475,-0.1020720823268825,-1.0037205816300512,0.0017422772943966,-0.3196990191936499,0.3245869204401966,0.0307256683297812,0.0313795947475585,-0.8730163639678145,1.2711577636157942,0.0348335563695538,-0.0782523301029013,0.1044489919005736,-0.0266462475254451,0.0277764607905377,0.7359152016313388,0.860620088377996,-0.0293845208361744,-0.0865355795249339,0.0857407990843057
jazz.00020.wav,5,1171.336694607127,341.5497890032589,1.2015979779534454,1.7393119126023882,1096.4242494201094,497.66487266659135,2646.9066103084,0.0008922580163925,0.0019002588232979,5.646586418151856,38.66633224487305,0.0003793162468355,3.541394471540116e-05,0.0199273712933063,2580.212317376015,925.7302071149564,0.9090758678595536,0.633306545840278,2390.185546875,581.396484375,5889.3310546875,119.15719604492188,19.79967498779297,-0.2303239703178405,-0.1999979019165039,119.93840026855467,55.35895538330078,172.2967529296875,-2.948569297790528,20.97090721130371,-0.7289606928825378,0.2568390369415283,1.1898117065429688,-87.68949890136719,39.72024154663086,48.4973258972168,9.629348754882812,-0.5889078378677368,0.6920251846313477,49.3117790222168,12.00189208984375,73.75232696533203,13.15625286102295,10.312881469726562,-0.5338206887245178,0.6467583179473877,14.133041381835938,-32.47198867797852,38.70786285400391,21.24612617492676,9.145527839660645,-0.2954683899879455,-0.1785535812377929,21.942216873168945,-7.728025436401367,44.886268615722656,0.0221756342798471,9.384102821350098,-0.6108202338218689,1.3966808319091797,0.4868486523628235,-44.93260955810547,24.788143157958984,8.012308120727539,7.282307147979736,-0.5764765739440918,0.4815511703491211,8.78048324584961,-17.207569122314453,28.33735656738281,-0.4058178067207336,9.78624439239502,-0.6510702967643738,0.3826203346252441,0.8032473921775818,-34.722347259521484,21.738994598388672,2.3731849193573,7.048305988311768,-0.1044068709015846,-0.2408292293548584,2.750746965408325,-17.830413818359375,24.49506378173828,-0.0345926769077777,8.031514167785645,-0.5629343390464783,0.3142383098602295,0.7602908611297607,-30.474218368530277,19.285659790039062,0.8998019099235535,6.086141109466553,-0.0357387103140354,0.1152982711791992,0.8446664214134216,-19.011905670166016,19.53669548034668,1.6660528182983398,7.509785175323486,0.6248213052749634,2.0320558547973637,1.1359370946884155,-26.283615112304688,33.84266662597656,0.1006642461140021,0.1828329417030033,0.3992734150243743,0.0507685831650652,0.0817208445561194,-0.3662723651984098,0.635705872706081,0.0420214227533769,0.1761132398408258,0.073660820491636,-0.5871606881507865,0.0325515895117655,-0.3666711621601608,0.5251297692457827,-0.0365904456981203,0.2268605180168955,0.0963505080713654,-0.1971854940291457,-0.0392840746790176,-0.6179642882198099,0.5320193711668251,0.0181870727237291,0.2028943015142961,-0.3005724310780855,0.2954939213878678,0.0229930616915219,-0.6115437150001527,0.5602665338665245,-0.0061115425069768,0.0904439708114035,-0.0953935586156601,-0.3167578965040807,-0.0053081579287163,-0.2483237555964998,0.2098730007340815,8.082488185838636e-05,0.0766078453644359,0.5233689176677494,-0.0636301671988865,-0.0077425683848559,-0.1589086512103676,0.2595356684178114
hiphop.00083.wav,4,2367.6391734099548,559.9351791424101,0.955913068923603,1.6332554219157416,2296.818549213439,1046.5136876368874,4767.8514925752215,0.0116658965125679,0.012219582684338,2.0352044105529785,5.090994834899902,0.0081908777356147,0.0002443565463181,0.0873700901865959,5016.46193218895,1028.709984406774,0.4907001805136748,0.0604666905522957,4823.4375,2207.1533203125,8161.083984375,89.62222290039062,19.976333618164062,-0.3221522569656372,0.3932335376739502,90.2082977294922,22.888259887695312,144.21914672851562,-25.781709671020508,18.59113311767578,0.1372662186622619,0.3273236751556396,-26.46683120727539,-85.05291748046875,34.06917190551758,40.95842742919922,15.468758583068848,0.2006141394376754,0.5889713764190674,41.35603332519531,-3.3359029293060303,94.37229919433594,-4.291183948516846,13.535039901733398,-0.1452281326055526,0.1381270885467529,-4.154086112976074,-52.10760498046875,35.30905532836914,27.560094833374023,11.878567695617676,0.1332476139068603,-0.416989803314209,26.47406578063965,-8.89575481414795,61.21892547607422,-15.56806755065918,12.727334022521973,-0.0489444881677627,-0.458242654800415,-15.93206787109375,-52.167625427246094,17.47768783569336,22.40218734741211,10.5219144821167,0.0383791103959083,-0.0415425300598144,22.53490447998047,-12.29836654663086,54.73907852172852,-10.835225105285645,8.792659759521484,-0.071952648460865,0.2836642265319824,-10.749574661254885,-41.44922637939453,20.795093536376957,19.81207656860352,9.685894012451172,0.0583098530769348,0.1447000503540039,19.679222106933597,-9.292491912841797,48.67650985717773,-8.643745422363281,8.830872535705566,0.0766120553016662,0.1476197242736816,-8.886524200439453,-37.00596618652344,24.122697830200195,19.082935333251957,8.72454833984375,0.2737054526805877,0.3274903297424316,18.75857162475586,-6.715025901794434,52.83983612060547,-8.475935935974121,7.868090629577637,0.0787109360098838,0.0096733570098876,-8.59022331237793,-38.184112548828125,15.721651077270508,-0.039133931904304,0.0621775207514701,-0.5991536323159516,0.7591534520340164,-0.031028845716424,-0.2607966143860441,0.1636418871362051,0.0188976633216621,0.0775667600689193,0.8718787886678675,0.7940749644859144,0.0073009894970213,-0.1881889590718269,0.2684666132542043,-0.0526023600581813,0.1040800706144673,-0.5253976976153228,0.5671234275672079,-0.0455391183495529,-0.3609985318034893,0.2346700318157668,0.0410633996382574,0.1053067932684323,0.9702845579889132,0.7597147299810398,0.0198316983878607,-0.1785587780177597,0.3981361705809828,-0.0330458675282384,0.0347313411933955,-0.5642199441306062,-0.3304773121155167,-0.0283074844346282,-0.124212288926031,0.0443693530378664,-0.0227256747973219,0.0333859165926475,-0.4285166351054917,-0.0459109954248075,-0.0193948931992054,-0.1134442598558964,0.0666151568293572
rock.00050.wav,9,1721.1466518107272,837.1545261024917,1.4751239144642838,3.226802768723184,1533.0315282104143,338.4707118641945,5911.029984597173,0.0122920051217079,0.0215091872960329,3.7938544750213614,19.825538635253903,0.0045984736643731,1.8630218619364317e-05,0.2312268167734146,3811.3186652588456,1984.6835162287152,0.6276156881480094,-0.0390198566236104,3477.6123046875,419.8974609375,10034.47265625,118.46495819091795,35.8253288269043,-0.1364523619413375,-0.3767962455749511,120.59291076660156,22.528717041015625,206.09364318847656,20.52506828308105,18.35336303710937,-0.8782554268836975,2.172466278076172,22.426776885986328,-48.71995162963867,77.39568328857422,28.56439208984375,10.86138916015625,-0.5116085410118103,0.2040808200836181,29.780261993408203,-12.475589752197266,56.4990119934082,2.353555917739868,9.233418464660645,0.0681740939617157,0.3357574939727783,2.325106382369995,-31.55581283569336,38.30425643920898,10.069560050964355,8.407947540283203,-0.7702839970588684,0.4781911373138428,11.662195205688477,-27.39964866638184,26.49022483825684,11.91759967803955,7.465064525604248,-0.405466079711914,0.74835205078125,12.166519165039062,-15.488473892211914,31.327980041503903,4.851779460906982,7.290348529815674,-0.4096755385398865,0.0608460903167724,5.343827247619629,-21.660064697265625,24.39566802978516,-0.0849275141954422,8.152079582214355,-0.7840206623077393,0.995445728302002,0.7188906669616699,-32.818565368652344,18.422218322753903,3.2985026836395264,6.570131301879883,0.4403732120990753,0.836961030960083,2.944051742553711,-16.168428421020508,28.03683280944824,3.4143989086151123,7.361154079437256,-0.4810902774333954,0.1982109546661377,4.245702743530273,-21.385440826416016,26.05082130432129,3.65059757232666,6.114521026611328,-0.3251289129257202,0.355748176574707,3.9210901260375977,-21.135847091674805,21.914478302001957,5.364322662353516,7.795259475708008,-0.7277927994728088,0.5930969715118408,6.31150484085083,-23.411725997924805,24.23221969604492,-0.0639726014524703,0.0377190385255404,-0.6384760650786417,1.1643517216685604,-0.0617319791133474,-0.2197531879727664,0.031096705867488,-0.058389918307534,0.0742274771698911,-0.8492968342988597,2.1941171153489387,-0.0534432752247378,-0.3456177317734637,0.1458200075005798,-0.0699707754705409,0.0665766104850812,-0.6945828551982265,0.3041059558464312,-0.0597094520926482,-0.3234040327370172,0.0799517259001726,0.0133379781827592,0.0613667926112918,-2.130701799430447,6.296155402416709,0.0269364863634104,-0.2901527099311356,0.1573590785264963,0.0200777631445546,0.0262538056899034,0.594051755978681,0.6939011071593719,0.0164884152727037,-0.0439672077021111,0.1193428194555578,-0.0133583598103221,0.0296103792685681,1.595926869336963,6.203643084298532,-0.0156527133658528,-0.0861848089843988,0.1531045529991388
disco.00082.wav,3,2577.207725501049,920.827122791374,0.298410472153804,-0.144182914471636,2492.038099307945,532.8823937788363,5469.222891291698,0.0238911211490631,0.0424024909734725,3.96889591217041,19.06377410888672,0.0092517035081982,4.774043190991506e-05,0.3255176544189453,5419.988829575116,1643.467100310767,-0.6174890454306543,-0.4634455188766768,5770.8984375,764.4287109375,8430.2490234375,94.46295928955078,33.38025665283203,0.2579241693019867,-0.3041362762451172,94.02728271484376,1.6709526777267456,187.17872619628903,-13.432527542114258,19.38900375366211,0.2467059642076492,0.51377272605896,-14.772574424743652,-68.7481689453125,59.06830596923828,32.754234313964844,14.446494102478027,0.5170500874519348,0.5803842544555664,30.78663825988769,-7.81928825378418,87.26042175292969,-13.73465633392334,18.47957420349121,0.2825305461883545,-0.2469456195831298,-14.906455039978027,-63.25374984741211,40.04230499267578,26.770050048828125,13.069136619567873,0.1351911127567291,-0.1813151836395263,25.514572143554688,-10.978967666625977,70.5738525390625,-19.40343475341797,14.915550231933594,0.1139895021915435,-0.6368229389190674,-19.840007781982425,-62.026641845703125,19.990478515625,24.6492862701416,10.082141876220703,-0.2434373199939727,-0.2009558677673339,25.132221221923828,-7.058762550354004,52.02154541015625,-11.66947078704834,11.146230697631836,0.4499918520450592,-0.2244834899902343,-12.991582870483398,-39.50240707397461,21.84787368774414,13.7286376953125,10.351322174072266,0.13507841527462,-0.4394657611846924,13.26289176940918,-16.04974937438965,46.82455062866211,-9.449254989624023,9.308911323547363,0.2558240294456482,-0.3554880619049072,-10.057126998901367,-30.91214370727539,24.40366744995117,8.831938743591309,8.257643699645996,-0.5179387927055359,0.4734854698181152,9.633760452270508,-26.190174102783203,30.540119171142575,-4.984809875488281,8.376901626586914,0.2633998095989227,-0.0393636226654052,-5.380741596221924,-27.54465103149414,25.050865173339844,-0.0238455793771026,0.0417988753773313,-0.0100819571740143,0.8305793860998736,-0.0223879742965605,-0.201848872538167,0.1054918592579292,0.0503683640123419,0.0501726457486356,0.888357440624868,0.7217943434051657,0.0419828105571715,-0.0625437388221713,0.2498453368908349,0.0167244364192732,0.0477097094776431,-0.3333922466306502,0.8954718082143387,0.0187225230038162,-0.1765114180743698,0.1564365290105339,0.0234086462653082,0.0469812580826915,0.1039160565350976,0.2080695370267582,0.0229626744985574,-0.1229375898838048,0.1706816107034677,-0.0009898424221544,0.0172132069357036,0.1205576413284382,0.3150849051104814,-0.0014264012791238,-0.0486792202554522,0.0807915093052988,-0.0046767337594904,0.0187707901028191,0.1387366876133066,0.422947684016862,-0.0048190932720898,-0.0650980193167924,0.0619157878682018
reggae.00022.wav,8,2059.0247747993653,493.2031035348914,0.7574472557165822,1.1616187621898844,1986.3037772281489,949.8286396127082,4567.389514656497,0.0049774968065321,0.006373191718012,4.537003517150879,30.040546417236328,0.0030774709302932,0.0001273487432627,0.0669569745659828,4553.198298832656,1119.0804909059402,0.3319662651393176,-0.6961451106173855,4392.7734375,1937.98828125,7741.1865234375,98.79366302490234,21.71959114074707,-0.753021776676178,0.9468514919281006,101.80876159667967,-8.156022071838379,145.16796875,-23.196144104003903,18.15847969055176,-0.1206241473555564,0.0957286357879638,-22.052818298339844,-77.95551300048828,59.06186676025391,46.87300491333008,15.175172805786133,0.2178263515233993,0.0615849494934082,46.78697204589844,9.095418930053713,100.7210693359375,-6.847094535827637,10.572545051574709,-0.2603976726531982,0.3921787738800049,-6.731001853942871,-43.42591094970703,28.11004638671875,29.294330596923828,11.179078102111816,-0.0513002388179302,-0.5106282234191895,29.076343536376957,-3.650232553482056,59.65199279785156,-9.95794677734375,10.72305393218994,-0.1475800573825836,-0.3963277339935303,-9.664807319641112,-46.81348419189453,18.134323120117188,25.666126251220703,8.619038581848145,-0.0784156993031501,-0.3069384098052978,25.89904022216797,0.3949970602989197,55.10564422607422,-10.203301429748535,8.464090347290039,-0.2406935542821884,0.2910246849060058,-9.88101863861084,-39.507904052734375,16.507274627685547,19.62326431274414,9.58745574951172,-0.4888274669647217,0.6406769752502441,19.686988830566406,-19.21449279785156,43.07408905029297,-8.207199096679688,8.568741798400879,0.4768634736537933,0.287273645401001,-9.085819244384766,-32.68891143798828,22.734193801879883,13.411508560180664,7.1386895179748535,0.2062128782272339,0.1310219764709472,13.04659652709961,-7.263982772827148,35.1024169921875,-6.494057655334473,8.149864196777344,-0.2236315310001373,0.0748660564422607,-6.386134147644043,-32.91042709350586,21.13953399658203,0.0574362164639955,0.0611170433581761,-0.3772023800985642,0.1366233761325923,0.0624184071888486,-0.1299395270713609,0.221957679713328,-0.0522245670799505,0.0564091347114416,0.1198930621892773,-0.2878608635610278,-0.0560132576328362,-0.197331159869684,0.1188059947270322,-0.0495039636812304,0.0985583869060156,0.5507461779378963,0.4613739427564605,-0.0579254627227791,-0.2795275263488297,0.273906726390123,0.0166099085188011,0.1232715545252482,-0.5522679895034402,-0.4221840167133646,0.0494144558906549,-0.2925166673958306,0.2958335578441616,0.0069455286362653,0.0471946251083932,0.5437640682644085,-0.521794069917147,-0.0024937204871671,-0.0842886606404288,0.1278171766581012,0.003981274970766,0.0436248889537693,0.4177008015762785,-0.4189320213730729,-0.0047724526375532,-0.0856555355712771,0.1192936087027192
pop.00028.wav,7,2945.9657787255,847.3720471228777,0.6270591826654098,0.1586764100067546,2846.2067017109666,1256.9625168694483,5648.925611087889,0.05918874964118,0.05857839807868,1.5391528606414795,2.381989002227783,0.0362645387649536,0.0012194203445687,0.3415799736976623,6654.684044645446,1698.014387349056,-0.1962392162055688,-0.6076317389373775,6707.5927734375,2314.8193359375,9905.2734375,74.72908020019531,22.13806533813477,-0.2071437388658523,0.1401896476745605,74.99873352050781,-15.025426864624023,133.10137939453125,15.965052604675291,16.86763572692871,-0.2037319839000702,0.296929121017456,17.142606735229492,-47.51992034912109,80.4430160522461,14.792885780334473,16.190149307250977,0.0096384808421134,-0.1580708026885986,14.10234260559082,-37.32912826538086,56.751373291015625,8.999276161193848,10.483722686767578,-0.180995300412178,-0.0841693878173828,9.622795104980469,-27.73825454711914,40.46134567260742,8.206912994384766,10.72915744781494,-0.0642407611012458,0.6266000270843506,8.383708953857422,-29.20655059814453,43.56352615356445,5.683764457702637,8.085596084594727,-0.0954100042581558,-0.1566681861877441,5.820208549499512,-19.82025146484375,29.39834976196289,5.250795841217041,7.331250190734863,0.0790640264749527,0.0886957645416259,5.111339569091797,-20.1181583404541,30.60031509399414,5.396193027496338,8.926192283630371,0.2115467488765716,0.5009636878967285,4.882960319519043,-26.560009002685547,34.74587631225586,2.4387598037719727,7.192023277282715,0.1071953400969505,0.9939868450164796,2.2502520084381104,-26.490036010742188,36.603294372558594,0.7776869535446167,7.297227382659912,-0.1165679097175598,0.0077326297760009,0.890088677406311,-23.978803634643555,26.113525390625,1.175240159034729,6.981842041015625,0.0033315136097371,-0.2432823181152343,1.0798287391662598,-21.61199188232422,22.25552749633789,-2.3549675941467285,7.104395389556885,-0.062824048101902,0.8235697746276855,-2.395400047302246,-29.928974151611328,23.51795196533203,-0.0565480216478574,0.088582024031593,0.1980258226319559,-0.0668985463212856,-0.0567235509853253,-0.3078967184716957,0.208998268423553,0.0718928183207906,0.071695474633926,0.8365389798429721,1.1050595914830836,0.0598756663427313,-0.0784406187577459,0.3633192311438294,0.0421679677284693,0.0987851789839525,-0.0995953249235288,0.8370655982241675,0.040780290961265,-0.3497181162238125,0.3393584154546258,0.0030798031116579,0.1076978303274,0.2438577700523169,0.0050129602565696,-0.0118566378951077,-0.3043434806168085,0.3121671527624128,0.0036079572055897,0.0357261872293178,-0.5921119224937365,1.4621261809884674,0.0073252426333285,-0.1498423298813415,0.1221061281423456,0.0037777407403837,0.0377077634335535,0.5529599635893544,1.335939125018483,-0.0006602983921765,-0.1165130347944791,0.1636146227829159
country.00020.wav,2,2407.953176590958,1035.0136176408323,0.7819266380283587,1.968420920087789,2446.1349615364247,453.16243847617454,6959.774669867187,0.0216631647199392,0.0292239505797624,2.589254856109619,8.435715675354004,0.0112269157543778,5.7785597164183855e-05,0.2256089746952057,5212.450718713747,1816.0962116222236,-0.8450157374276547,-0.0402743176747391,5846.2646484375,301.46484375,9130.078125,74.76473236083984,36.99192810058594,-0.5585598349571228,0.8874814510345459,74.83088684082031,-70.93000030517578,149.4025115966797,22.419219970703125,16.071598052978516,1.0272583961486816,3.3062491416931152,21.392024993896484,-21.38873672485352,98.76241302490234,46.0118293762207,19.81925773620605,-0.3276743590831756,-0.4751598834991455,46.81092834472656,-8.827787399291992,88.39881896972656,5.280713081359863,15.191359519958496,-0.3617068529129028,-0.1054868698120117,6.398534774780273,-39.79644775390625,53.2490234375,25.113439559936523,10.574470520019531,-0.4394992291927337,0.3759496212005615,26.265825271606445,-12.305517196655272,58.84349822998047,-0.5761164426803589,11.353431701660156,-0.5420551896095276,0.2874345779418945,0.3529896736145019,-46.18044662475586,25.507444381713867,10.385747909545898,8.780156135559082,0.299878865480423,0.163764476776123,9.638648986816406,-14.92829704284668,36.3513298034668,-6.833753108978272,11.12080192565918,-0.4293679893016815,-0.0032970905303955,-5.846953392028809,-42.607540130615234,21.474178314208984,5.0545830726623535,11.524991035461426,0.0689467638731002,-0.2367823123931884,4.67161750793457,-27.433595657348636,42.0816764831543,-0.7702397108078003,7.097836017608643,-0.1259606778621673,-0.1473147869110107,-0.5485308766365051,-27.176767349243164,19.676034927368164,1.403467059135437,8.587648391723633,0.3414477705955505,0.3288395404815674,0.935418426990509,-23.912982940673828,29.14162254333496,-6.012322425842285,8.240670204162598,0.0067655532620847,0.4301583766937256,-6.1819844245910645,-32.925376892089844,21.89856719970703,-0.1367318441058909,0.1227101891329271,-0.1529650685129161,-0.6121819369152774,-0.1323764996583076,-0.4605048546801328,0.1830322959750369,0.1758715628413693,0.1046935752046592,0.5788436143860065,0.4465663531675319,0.1706967283116088,-0.0917104805480687,0.5915527194890525,-0.0396272078378318,0.1719331401949687,0.6373119441709987,0.1619831028209,-0.0624673776328566,-0.4698852747678761,0.4472812637686727,-0.1295424471461638,0.2416017122270444,0.3633220099123915,-0.5514621105719733,-0.1449263691902166,-0.6169635578989986,0.5819414667785164,0.0209820553752626,0.0668894422123701,0.0422661554285017,-0.5448761245232707,0.019474670236486,-0.1580016700113473,0.1912612726064724,-0.01115310492267,0.0943282824896929,0.7990324198034631,-0.340922814550662,-0.0415690317749976,-0.1614550801459694,0.2906184350140392
reggae.00010.wav,8,2149.158788954665,836.376949258652,1.4829082542963594,3.2128344570257683,1985.1687097735476,666.2083495267185,5787.546652469709,0.0036032309290021,0.0064165289513766,3.414844512939453,11.973114013671877,0.0014886849094182,5.947603131062351e-05,0.0429991334676742,4426.5970535455335,1373.373539581226,0.3660741481258486,0.0106322606485655,4231.2744140625,1119.7265625,8430.2490234375,87.5244369506836,30.413219451904297,-0.6345095038414001,0.5047106742858887,90.760009765625,-23.764198303222656,163.0555419921875,-22.21446228027344,20.1094970703125,0.7397587299346924,1.3001341819763184,-24.23279190063477,-73.3494644165039,68.80876159667969,52.04875946044922,18.571319580078125,-0.2621522545814514,-0.1719846725463867,53.3187141418457,-21.336395263671875,95.02745056152344,-8.575610160827637,20.34956741333008,-0.1289550960063934,-0.1190266609191894,-9.396002769470217,-70.3666000366211,42.83457946777344,24.966371536254883,10.138665199279783,0.1514511257410049,-0.1407942771911621,24.39561080932617,-3.36342716217041,61.45587921142578,-18.23624420166016,18.1295223236084,-0.1972238272428512,-0.9730756282806396,-16.14223861694336,-66.21710968017578,17.66512107849121,1.8883262872695925,10.665061950683594,0.3660374879837036,0.1430258750915527,0.9440691471099854,-30.512035369873047,37.48504257202149,-9.132006645202637,10.455718040466309,-0.1316960155963897,-0.4850842952728271,-8.719446182250977,-38.8555793762207,17.67416763305664,-0.2273246645927429,9.23549461364746,-0.1453403234481811,0.1152973175048828,-0.1490291357040405,-27.0260009765625,26.001684188842773,-17.069843292236328,10.099915504455566,-0.1209825128316879,-0.3824446201324463,-16.642379760742188,-48.06388854980469,9.161279678344728,-3.031130075454712,9.289502143859863,0.048572838306427,-0.0726878643035888,-2.647458076477051,-28.651491165161133,25.735240936279297,-9.793288230895996,9.30432415008545,0.3560812473297119,-0.1151447296142578,-10.894598960876465,-33.52012634277344,19.009685516357425,0.2056924439451577,0.1296535808293642,0.1371635653764218,0.9276009499582618,0.1914813186422978,-0.3002163987849325,0.6073099601907378,0.0647645184301909,0.1783980301166647,0.1793518591825811,0.5326826631560708,0.054565599939214,-0.4802711613103979,0.5674617014614336,0.0780392384368346,0.1987383450359525,-0.528506200322491,0.1647980603688186,0.1123398765921588,-0.583131698891521,0.5481790080666541,-0.0054219882274069,0.2084074610746447,0.45790111998065,-0.035932446220444,-0.0196255389600994,-0.4966962952166801,0.6153561994433402,-0.0079749878615191,0.0758789728714536,-0.4393727142976413,-0.2810585941776748,0.0046347741940687,-0.2258133199820561,0.1639786010373032,-0.015927941917441,0.0775089580935002,0.5503153150016494,0.0047463640275813,-0.0228407722897824,-0.1862543961033219,0.241950168274343
disco.00091.wav,3,2038.0233324903527,786.6249245340189,0.6417806340840673,0.4843564328227883,1965.835133140525,462.2062297195838,4736.09915003457,0.0092391995713114,0.02397339977324,5.852623462677002,41.68766403198242,0.0025772906374186,2.062029489025008e-05,0.2578220069408417,4205.2946794337295,1643.4316764424627,0.4367733281446075,-0.1014141114601088,3843.6767578125,301.46484375,8947.0458984375,98.4711685180664,30.747486114501957,-0.5971025228500366,0.4043679237365722,102.95647430419922,-13.132636070251465,169.65045166015625,-18.994415283203125,28.673282623291016,0.1748971045017242,-0.6889142990112305,-21.734840393066406,-99.45223999023438,52.02367782592773,44.84028625488281,13.51600742340088,-0.0545622743666172,-0.1655139923095703,44.5115852355957,-0.6072677969932556,82.52375793457031,3.802605867385864,12.893930435180664,0.5100319981575012,0.3207941055297851,2.139564514160156,-28.11889266967773,49.54420471191406,28.49091339111328,11.458511352539062,0.2619308829307556,-0.2678790092468261,27.81092834472656,-1.2398574352264404,63.63508605957031,-1.1055837869644165,11.41124439239502,0.6659051775932312,1.2049055099487305,-1.773401975631714,-29.225555419921875,50.144798278808594,14.694502830505373,10.786865234375,0.0247087031602859,-0.5699026584625244,14.26639175415039,-12.021151542663574,45.563568115234375,-7.755101680755615,10.151206970214844,0.5958423614501953,0.2531824111938476,-9.464622497558594,-30.523683547973636,36.31926345825195,9.754842758178713,11.03938102722168,0.6742922067642212,1.1706328392028809,8.454477310180664,-14.63506031036377,67.27976989746094,-10.107707023620604,9.882648468017578,-0.0711274519562721,-0.1094586849212646,-10.082876205444336,-42.37122344970703,22.33801651000977,6.374910831451416,9.609041213989258,0.1133658289909362,-0.2719514369964599,5.943356513977051,-21.769184112548828,38.14643096923828,-3.911044120788574,8.70999526977539,-0.0524741597473621,0.9516055583953856,-3.5992231369018555,-41.37083435058594,33.25180435180664,-0.0097239844881365,0.0569935343807552,-0.5685444948256312,2.4735076493905224,-0.0073388384865866,-0.2431932119033324,0.1607234861660064,0.0713056934231381,0.0662375185899536,1.438119394032191,2.2520200794467247,0.0537827650327199,-0.0469408602891202,0.3632477534754455,0.0312652249416452,0.0652262496642201,0.7172182686232533,0.5300299807759785,0.0220111608505244,-0.1179820820689205,0.2670796755701299,0.0123820694052516,0.1059817828333057,0.7832072300659325,0.3148688925024361,-0.0061738416552547,-0.2081504538655287,0.3413308672606942,0.0084340159328594,0.0201274727138278,0.1315976061154148,0.034685210946733,0.0077293688534491,-0.0532077751712665,0.0756804856656504,0.0142862645567777,0.0371867528245663,0.0649486267938841,0.2472531850866723,0.0153773333877325,-0.0768415965139864,0.1318898419849576
blues.00001.wav,0,1530.2617668815155,613.1194895956233,1.3371334876410508,4.021881746999131,1462.001793556221,421.091728948534,5444.293576825396,0.0022980975918471,0.0048526586033403,6.640881538391113,54.56441116333008,0.0011627912754192,2.478740134392865e-05,0.0560862459242343,3550.7136156830047,1725.778347303606,0.4457436962796816,-0.6519079423090317,3219.2138671875,333.7646484375,8085.7177734375,123.98513793945312,23.66249084472656,-0.2442573755979538,0.6178386211395264,125.49504852294922,28.882286071777344,192.77078247070312,8.947019577026367,23.92355155944824,-0.9723037481307985,1.0295214653015137,12.943618774414062,-78.69281005859375,59.997047424316406,35.867149353027344,16.270116806030273,-0.1633476316928863,-0.0985121726989746,36.38509368896485,-26.024188995361328,76.5858154296875,2.9095942974090576,16.732484817504883,-0.1175594553351402,-0.6030032634735107,3.6022067070007324,-42.4746322631836,42.422393798828125,21.519472122192383,12.504672050476074,-0.5687387585639954,0.3730435371398926,22.69224166870117,-26.499961853027344,50.9654541015625,-8.556512832641602,14.17046356201172,-0.2579841613769531,-0.033848762512207,-8.06576156616211,-57.465919494628906,28.447265625,23.37067604064941,11.940147399902344,0.1058482006192207,-0.0550484657287597,22.76321792602539,-14.03222370147705,57.322296142578125,-10.103608131408691,12.88854694366455,0.0093472674489021,-0.5253410339355469,-10.181058883666992,-52.36970520019531,21.894630432128903,11.899242401123049,10.215539932250977,-0.180990993976593,0.3047347068786621,12.144329071044922,-29.54638290405273,40.40428161621094,-5.558824062347412,10.25457763671875,0.0135894808918237,0.178138256072998,-5.825874328613281,-37.25718688964844,24.50205993652344,5.377876281738281,9.808391571044922,0.1542443186044693,0.0575518608093261,4.823671340942383,-25.349422454833984,37.24259185791016,-2.23449182510376,8.05438232421875,0.0029274066910147,-0.1833693981170654,-2.513016700744629,-27.18957901000977,19.23003387451172,0.035596951896934,0.0513128753555508,-0.0987234802470481,2.275980152036966,0.0322883018004065,-0.1972158603252339,0.2067323835139612,0.0844468840205,0.068493247490336,0.1431903826538132,-0.1033351878025303,0.0824846806904629,-0.1141457027785151,0.2926541884397132,0.0414605086765842,0.0757951517917146,0.1193206316127589,-0.150419457137759,0.0395681932568545,-0.1866429224610334,0.3090916574001308,0.0079668773005426,0.0862480927541696,0.201890216274561,0.6011438833742133,0.0032424218952651,-0.2459170818328863,0.2933512367308135,0.0206291250384225,0.0321498980690966,-0.39449711805584,0.6318588176836233,0.0213879101431253,-0.0917520909285218,0.1127865954924899,-0.0138310855445404,0.0363924729206893,0.7473991396926768,0.3188782096181315,-0.0205790353938936,-0.0906051443889734,0.1099629434756935
hiphop.00014.wav,4,2436.5700964926004,515.6772915536501,0.5722411629477693,0.8723891553680416,2437.1570392363665,1045.8853796915014,4737.295022771159,0.0114098414778709,0.017929071560502,5.556278705596924,38.68840026855469,0.0071535357274115,0.0002747707185335,0.1958089917898178,4774.86705381743,942.7011266200498,0.4127651006639843,0.0717628237300651,4769.6044921875,2379.4189453125,7730.419921875,91.1178970336914,26.337793350219727,-0.485632449388504,0.6286969184875488,91.6719970703125,2.492960929870605,174.47506713867188,-33.76468276977539,23.369611740112305,-0.6696809530258179,3.122656345367432,-33.80767822265625,-132.19393920898438,47.33586502075195,69.93050384521484,15.87375259399414,-0.758388102054596,2.182343006134033,71.37381744384766,-1.0985040664672852,120.3910675048828,-12.9370698928833,14.112832069396973,-0.688071072101593,1.2835006713867188,-12.09833526611328,-68.72039031982422,27.51160049438477,23.17582130432129,11.294511795043944,-0.2959850430488586,0.507270097732544,24.172664642333984,-13.559572219848633,60.69904327392578,-13.75563144683838,12.600312232971191,-0.7680753469467163,2.395296096801758,-13.394047737121582,-72.17387390136719,30.33191680908203,23.783100128173828,8.470318794250488,-0.5260612368583679,0.9259650707244872,24.61299133300781,-10.807123184204102,49.28804016113281,-14.73151683807373,8.417468070983887,-0.2690745294094085,1.754049301147461,-14.768251419067385,-58.95083999633789,13.95085620880127,10.696287155151367,8.644394874572754,-0.3470167517662048,0.3287279605865478,10.998183250427246,-22.064903259277344,35.197021484375,-13.472490310668944,7.268282413482666,0.1094510555267334,0.380753755569458,-13.861896514892578,-41.926700592041016,15.38194465637207,6.080383777618408,7.20095157623291,-0.3881213665008545,-0.110680341720581,6.760271072387695,-14.928691864013672,24.662090301513672,-14.718082427978516,6.650641441345215,-0.0417440198361873,0.8237094879150391,-14.594425201416016,-37.157806396484375,11.259283065795898,-0.0738864333082146,0.052499601958988,0.3251405137408333,2.581621448386776,-0.0733316495444932,-0.2543570973666028,0.2077528966749854,0.0130382335695449,0.0415210095709651,-0.5649701938489534,0.9349482621156936,0.017104553718158,-0.1673543317053016,0.1280569890353116,0.0842838116445378,0.0500767788643254,-0.6822561417456493,1.0856348061589165,0.0893319323658937,-0.1133389137685305,0.2338351979851715,0.0988882845476534,0.0601303005967189,-1.054298221687559,2.444945821198039,0.1057642251253122,-0.1974384710192684,0.3090911470353599,-0.0171657653721016,0.0233220208036359,0.1689029318706479,1.2467132105558454,-0.0180916298386204,-0.1213645990819494,0.0713132889445236,-0.0028498486913913,0.0198825800973033,0.3149299814222332,0.3565728021822596,-0.0039863847196101,-0.0670777894556521,0.0804957067593933
disco.00055.wav,3,2108.2221111701897,494.5564218763537,0.6249489487565758,1.1225019732223096,2106.802712739103,1066.2789934550651,4223.245265682259,0.0064600822515785,0.0066819884814321,2.347042322158813,7.9445953369140625,0.0044576912187039,0.0002416199858998,0.0534754805266857,4398.119267510151,1053.3300222289404,0.5872228918585022,-0.3067083120344418,4177.44140625,2271.7529296875,7590.4541015625,107.49596405029295,21.092018127441406,-0.0739952400326728,-0.0038168430328369,106.1349105834961,25.285619735717773,172.48202514648438,-33.5389518737793,21.1716251373291,0.4397111535072326,0.2407476902008056,-36.663818359375,-90.1543197631836,52.18051528930664,52.7861557006836,11.736701011657717,-0.3629950284957886,0.5824365615844727,53.80199432373047,3.5697503089904785,97.59228515625,-9.130404472351074,9.919994354248049,0.391280323266983,0.7077763080596924,-9.868718147277832,-36.90321731567383,37.038082122802734,30.33711624145508,9.332019805908203,-0.4656362235546112,1.5338234901428225,30.703222274780277,-16.757829666137695,62.34977722167969,-9.325206756591797,9.521476745605469,0.3681509792804718,-0.0156741142272949,-9.788528442382812,-34.87115478515625,25.9423770904541,23.037296295166016,8.084431648254395,-0.1590001881122589,0.3199818134307861,23.237693786621094,-9.100476264953612,48.531532287597656,-11.889162063598633,9.275933265686035,0.0234013386070728,0.2432718276977539,-12.247551918029783,-42.5203971862793,16.0439395904541,18.16913414001465,7.118048667907715,-0.091294951736927,-0.1631989479064941,18.235015869140625,-3.971484422683716,40.57828521728516,-7.546331882476807,8.483870506286621,0.4833468496799469,-0.1275463104248047,-8.457223892211914,-28.612743377685547,19.5076904296875,9.400738716125488,6.371555805206299,-0.4273585081100464,0.7154433727264404,9.77517318725586,-14.565038681030272,26.742366790771484,-5.42516040802002,7.065431118011475,0.1668299287557602,-0.1727640628814697,-5.674300670623779,-24.30160903930664,20.29254531860352,0.0201988591042247,0.068327594307087,0.5901171626885372,1.313063763182717,0.0159675721692217,-0.176122535800012,0.3044372186090499,0.0612536081846697,0.0553031604797178,0.14636718412808,-0.2249424765743461,0.0570613497896289,-0.0925605768409577,0.2352772876729658,-0.0126377175283336,0.0755030331264407,-0.1305454388704567,-0.3878356759738204,-0.0096440687775615,-0.2372998818755153,0.2123827226459977,0.0310914826774586,0.0729721317354773,0.161189859019299,0.3929414031350124,0.0309207849204536,-0.190332535654307,0.2974059432744976,0.0087021958461369,0.0221159738710352,-0.288723447746404,0.418452520404891,0.0102144205518703,-0.0642050580005833,0.0809712277816212,0.0099802657058614,0.0275484759318218,-0.1723365116217479,0.0165105102885076,0.0117932464927435,-0.0815207893028854,0.1006728764623404
country.00075.wav,2,2187.1340254374145,389.9616042129161,0.087839576016153,-0.2432920010897996,2190.3126549806184,1072.8295704872753,3314.294896889872,0.0058445977047085,0.0039270245470106,1.6494683027267456,3.824462890625,0.0048507037572562,0.0003468324721325,0.0276533011347055,4840.865571980134,788.5594749246902,-0.3929896672264583,0.1725909214523104,4931.103515625,1894.921875,6847.55859375,105.4795379638672,17.292245864868164,-0.0767732337117195,0.2995834350585937,104.49618530273438,43.35567092895508,159.48617553710938,-16.908376693725586,12.434062957763672,0.4030361771583557,0.1204209327697753,-18.16328239440918,-52.34050750732422,23.10288619995117,40.71572113037109,11.142173767089844,1.0171314477920532,3.0770158767700195,40.02637481689453,2.587226867675781,88.78056335449219,-15.02683925628662,8.03952407836914,0.0751103609800338,0.4418189525604248,-14.72670555114746,-39.36315155029297,23.033994674682617,36.03335189819336,8.088736534118652,-0.3162949681282043,0.8456754684448242,36.177764892578125,3.610498428344727,62.11927795410156,-12.81208324432373,8.253950119018555,0.137743204832077,-0.2195093631744384,-13.144428253173828,-32.63130187988281,13.662860870361328,17.487258911132812,7.56185245513916,0.4019444286823272,0.0701634883880615,16.582427978515625,-4.762548446655273,41.59503936767578,-16.741239547729492,7.652603626251221,0.1250481307506561,0.215728759765625,-16.77534294128418,-42.97059631347656,9.523126602172852,11.76303005218506,7.569158554077148,-0.2514844834804535,0.0503079891204834,12.180514335632324,-12.845888137817385,31.432842254638672,-10.13715362548828,7.413894176483154,0.0185670126229524,-0.230375051498413,-10.114222526550291,-31.23537254333496,15.407448768615724,13.196802139282228,6.935414791107178,0.3456596434116363,0.519057035446167,13.088174819946287,-7.681046009063721,37.96578598022461,-12.20942211151123,7.39510440826416,0.2514497637748718,0.1563453674316406,-12.375336647033691,-34.85375213623047,12.058696746826172,0.1792818936726864,0.1250617973771848,0.5188219428118002,0.1805386090601888,0.1617282531363124,-0.1726732159109029,0.552046347253257,-0.0270502818244568,0.0651781917119348,1.1373155459863524,3.3888270529789954,-0.0309375311608228,-0.17741038055927,0.315339551000007,-0.0961193833147209,0.1340715500492637,-0.2071596762470371,-0.1801422650472535,-0.0752336084842684,-0.4611808508634571,0.3100849278271196,0.0557903213489854,0.0863624110952838,-0.6376501475844768,0.4237862168614037,0.0678933374583713,-0.2434689179062847,0.3039839575067149,0.0268435299535798,0.0329405963518139,-0.6550147096065799,0.8189084652244776,0.0288124889654673,-0.0921269636160957,0.1180336452355592,0.0377300082358739,0.0522131464447959,0.40681104716145,-0.1297500140210004,0.0292684249579907,-0.1132800113409753,0.1986015159636735
jazz.00051.wav,5,1193.6599934493872,366.0852842503828,1.1626426474910765,1.6400183381029043,1129.819271418311,555.4796480327666,2842.044614794468,0.0014755200827494,0.0029988749884068,5.99204683303833,49.50885391235352,0.0006076569552533,4.761868331115693e-05,0.0410978347063064,2479.890572886456,905.0608622311154,0.4914723742040985,-0.2614383023915598,2411.71875,635.2294921875,5135.6689453125,138.53469848632812,21.155073165893555,-0.6034120321273804,0.1965351104736328,141.28607177734375,67.33082580566406,185.82275390625,-16.334735870361328,18.564912796020508,-0.057052981108427,-0.0548048019409179,-16.115137100219727,-73.98953247070312,40.78091430664063,49.14583206176758,10.552848815917969,-0.0925641059875488,-0.0775461196899414,49.19581604003906,11.325116157531738,79.94989013671875,-5.252644062042236,14.80760097503662,0.0354374274611473,-0.7164306640625,-5.263645172119141,-40.16987609863281,35.74203872680664,19.349971771240234,5.916403293609619,-0.1101000905036926,-0.0410168170928955,19.364526748657227,-1.720323085784912,35.58407974243164,2.2014174461364746,10.852956771850586,-0.5728499293327332,-0.1458518505096435,3.348722457885742,-33.28852844238281,24.497982025146484,5.547832012176514,7.048971176147461,0.0009017786942422,0.0369017124176025,5.560352802276611,-15.757501602172852,27.35503578186035,-7.881401538848877,9.534825325012209,0.1478080749511718,0.0027692317962646,-7.824357032775879,-35.12394332885742,24.05350685119629,-0.2059129774570465,5.872994422912598,0.0745423212647438,-0.2873337268829345,-0.4219861030578613,-16.965946197509766,16.297481536865234,-1.6223303079605105,6.883366107940674,-0.1137153878808021,-0.1495733261108398,-1.5849802494049072,-22.17547607421875,15.918439865112305,-1.7267849445343018,5.270229339599609,-0.1028626859188079,-0.0679409503936767,-1.6741304397583008,-20.036548614501957,13.204460144042969,3.936522245407105,4.916267395019531,-0.1121081933379173,-0.137866735458374,3.905118227005005,-11.846437454223633,17.920169830322266,-0.02825729431553,0.1891106792554524,-0.0244649616032401,-0.0234257774216213,-0.0359111842319479,-0.6299524127627044,0.564176413894861,0.0185042273414165,0.1412610159576035,-0.0845372492786915,-0.0455729954112729,0.0223475184920367,-0.4285189702611623,0.4287706134080666,-0.0376863017950529,0.1875030517012871,0.1968512343722924,0.1292498866514888,-0.0447251275181772,-0.595327708870173,0.5498236548155543,-0.0446205531561723,0.1963062875418688,0.0059733882754186,-0.1366696825439444,-0.0376159362494948,-0.5784226227551701,0.5168385300785301,0.0039229047118717,0.070596525325843,-0.4912112290689314,0.2106564317035322,0.0120443536244955,-0.2282890507968578,0.1905626644548509,0.0085625283865579,0.0778451654707553,0.4318622326584727,-0.4916784111938721,-0.0039244592189788,-0.1606145473197102,0.2188301822170616
classical.00039.wav,1,1633.5822990690456,419.5787137291073,0.2890768327979504,-0.050978808823201,1622.3833138477316,722.801356058096,3153.735670005126,0.0012273984029889,0.0010720184072852,2.108341932296753,6.142308235168457,0.000891791190952,8.160880497598555e-06,0.0087101580575108,3161.83362637761,937.9142678203042,0.7327802041888273,1.5401859676600749,3251.513671875,990.52734375,6363.0615234375,116.79857635498048,25.360164642333984,0.4525805413722992,-0.6044220924377441,112.18402099609376,65.1000747680664,194.56784057617188,-16.184534072875977,18.91095733642578,-0.0278558228164911,-0.403350830078125,-15.19546890258789,-63.53788757324219,34.46717071533203,11.701641082763672,11.243974685668944,-0.0782233849167823,-0.5517747402191162,12.128543853759766,-17.94635581970215,41.026817321777344,0.6897333264350891,16.46254539489746,-0.4142479002475738,-0.7201187610626221,3.160778045654297,-45.26456069946289,31.467960357666016,6.012307167053223,10.687227249145508,0.0060990285128355,-0.6744041442871094,5.33363151550293,-25.44796371459961,32.564666748046875,-4.265307903289795,13.269683837890623,-0.1764458268880844,-0.5545837879180908,-4.372063636779785,-40.1909065246582,33.96308135986328,0.499735951423645,9.486069679260254,0.5787875652313232,0.2416064739227295,-0.8351807594299316,-25.329076766967773,32.0926628112793,0.4310804605484009,12.61408233642578,-0.5060020089149475,-0.4055314064025879,3.4249227046966557,-34.905792236328125,28.320838928222656,12.586630821228027,13.212993621826172,0.2580110728740692,-0.6471664905548096,11.658014297485352,-17.862985610961914,47.48350143432617,-1.1213992834091189,10.04916286468506,0.0195856299251317,0.2852783203125,-0.9430645704269408,-31.90680313110352,33.98884582519531,-1.14130437374115,11.8367919921875,0.6793606281280518,0.9289963245391846,-2.012157440185547,-31.95279312133789,45.10657501220703,4.948069095611572,12.601881980895996,-0.1547117233276367,-0.5481185913085938,6.150259971618652,-27.643030166625977,43.19155883789063,-0.050501788083587,0.1102004970401984,0.6166069892466097,0.8060797072182662,-0.055352010174658,-0.3180674654171704,0.3736124507296899,-0.0059781593154753,0.0962904796631622,-0.0795787094230271,0.666817887030251,-0.005329201307767,-0.307884409315768,0.3528410781721912,0.0265701261096202,0.1057344727885004,-0.2801661545604567,1.2786971927582051,0.021909430623054,-0.5020151166245348,0.3329809568822381,-0.0301925634651259,0.1276066331009997,0.1614363478703026,0.0029131941192379,-0.0288209505379208,-0.3742972388863567,0.4676167536526916,0.0059866595143682,0.0514999706330018,-0.0505873756906804,0.4541108346789841,0.010707744639965,-0.1521449668101041,0.1727805054545095,-0.0045471499322525,0.0458494659831835,0.7217117220819298,1.0990113233264864,-0.0091650267131626,-0.1154923103749752,0.201450687367469
jazz.00092.wav,5,2215.267219075518,1076.6626818059788,1.2543327617221605,1.0165247563516775,1919.0222634233785,713.3507951284956,5633.390103005477,0.0071511296555399,0.0127822626382112,4.905327320098877,34.69742584228516,0.003258243901655,0.0001703508896753,0.1612794250249862,5026.545733033643,2329.036150010518,0.1302826453350939,-0.9212096352412158,4952.63671875,678.2958984375,9528.4423828125,84.63629150390625,38.99518966674805,-1.3558235168457031,1.645214557647705,92.97918701171876,-43.41731643676758,159.72613525390625,39.07404708862305,11.50127410888672,-0.4216060042381286,0.7301647663116455,39.806636810302734,-0.3435243666172027,71.76170349121094,28.610286712646484,11.166260719299316,-0.9001171588897705,1.490710735321045,29.58529663085937,-22.452333450317383,51.40876007080078,14.117953300476074,10.918888092041016,0.0542094446718692,-0.4954385757446289,14.472990036010742,-14.97712516784668,42.58903503417969,1.014345645904541,11.755337715148926,-0.1618043333292007,-0.4353244304656982,1.0266743898391724,-37.22942352294922,32.86674499511719,7.343283176422119,7.561602592468262,0.0389080457389354,-0.2266700267791748,7.390227794647217,-14.815675735473633,32.65052795410156,5.20761775970459,8.734790802001953,-0.1952965557575225,-0.0253193378448486,5.505595207214356,-19.72085952758789,36.28456878662109,-3.7476375102996826,10.40473461151123,-0.1863003671169281,-0.6489622592926025,-2.4705018997192383,-30.887718200683597,19.702280044555664,-5.045501232147217,7.647933483123779,-0.1042241901159286,-0.5032339096069336,-4.636960983276367,-27.615943908691406,17.283920288085938,2.2260773181915283,6.738928318023682,0.8936243653297424,3.7507500648498535,1.9883960485458372,-18.38486862182617,43.171024322509766,-0.577696681022644,10.003596305847168,0.6162391901016235,1.2624082565307615,-1.209214210510254,-26.91488647460937,33.899288177490234,4.209762096405029,9.253875732421877,0.5123040676116943,0.4336705207824707,2.8395957946777344,-20.508153915405277,33.293495178222656,0.0621003178029934,0.2640495863947369,-1.0846980906468764,0.5208090213148395,0.1019524557300101,-0.6451039142346798,0.5585133842919067,0.1995324262364087,0.2297194839263676,-0.5746310014652309,-0.7038505276550184,0.2465257493079291,-0.3464454390168229,0.6039964258662511,0.1558759574776937,0.1600046128172227,0.5140103261012282,0.3729457570104548,0.1287099355831734,-0.3551450278609993,0.6147024929523467,0.1340903358840817,0.2475212941413736,-0.283648398385975,-0.431637299501876,0.1364218462258574,-0.5770906526595356,0.604053121060133,0.041322887917757,0.0942107378424983,-0.6394501698819308,0.1123885256263541,0.059908714190227,-0.2362740614077431,0.2629560664910688,0.0081942466985109,0.0900895859916926,0.3022410610528678,-0.6018536677135735,-0.0035747503861783,-0.1736527213361114,0.2264736613724381
pop.00040.wav,7,1962.1017412302308,511.0412464677851,0.9214646304691904,3.7440915538659114,1961.0889873529995,763.8465170428321,4848.4444001865,0.0112880626693367,0.0121737793087959,2.3222765922546387,6.523456573486328,0.0075533646158874,0.0001950550213223,0.077264092862606,3820.6530506815534,1363.6970053993116,1.3929051214340196,2.486079006121733,3585.2783203125,1173.5595703125,9388.4765625,113.3077163696289,21.139450073242188,0.0430421344935894,0.1514129638671875,112.54449462890624,34.93907165527344,173.489501953125,-6.224120140075684,19.948745727539062,1.3010332584381104,2.844213485717773,-9.933427810668944,-48.28457260131836,85.92647552490234,19.930395126342773,11.493435859680176,-0.3004525005817413,0.5659801959991455,20.05252456665039,-31.7844352722168,54.3460578918457,15.107154846191406,10.0000638961792,-0.2740201354026794,0.5697312355041504,15.626792907714844,-24.544321060180664,44.36484146118164,-3.2840230464935303,11.97911262512207,-0.0374047718942165,0.3159499168395996,-3.263218879699707,-50.154052734375,39.86264801025391,4.783031463623047,8.753596305847168,0.2582226991653442,0.3608009815216064,4.716811180114746,-22.864036560058597,34.945152282714844,1.013845443725586,7.610964298248291,-0.8537839651107788,2.215903282165528,1.764573574066162,-34.53743362426758,24.065818786621094,2.294792413711548,7.362759590148926,-0.2987304329872131,0.7024247646331787,2.3839516639709477,-24.39280128479004,23.980205535888672,-0.0140449302271008,7.417309284210205,0.5191335678100586,1.7034907341003418,-0.2505607604980469,-22.857501983642575,39.05971145629883,-3.773473262786865,6.684981822967529,-0.2781469225883484,0.2831096649169922,-3.3700854778289795,-26.619213104248047,14.772123336791992,4.239927291870117,8.222973823547363,0.3124640583992004,0.9181802272796632,4.354352951049805,-18.13224983215332,43.3311882019043,2.301614761352539,9.740811347961426,-0.2140713334083557,0.0442254543304443,2.4901821613311768,-28.40001678466797,27.537952423095703,-0.0526248872230757,0.1079282106684442,-0.2557967053615146,-0.2342472993459154,-0.0388970576633723,-0.3604519426620842,0.2536646022484737,0.1229175108804974,0.0683373620827231,0.4572785359632544,1.0100692498775157,0.1132383298067373,-0.1586230114567176,0.4140040917760846,0.0334133821844259,0.1665840516863574,0.0833195021131662,-0.8242451934969388,0.0426528938114639,-0.3183136358857159,0.4792297733947632,-0.0833609505669608,0.1474766492131278,0.4509956164648406,0.1735177895952229,-0.0997762195765978,-0.4623038172721866,0.444960974156856,0.0141053883969121,0.0507967645923305,0.3179617414508582,1.198401472616884,0.0139128139301699,-0.1407464476257651,0.2218275995685126,0.0194099820609732,0.0564740194039279,0.1286969921526116,-0.61922620295661,0.0152813019230962,-0.1266768779605626,0.1603574911132456
pop.00006.wav,7,2125.387814050436,851.3367386269598,1.5900042160743286,4.743216451642449,2015.7434850707175,782.3494355776088,6310.662862009926,0.0178176742047071,0.025862380862236,3.909853458404541,21.23400115966797,0.0093534877523779,0.0004287587362341,0.230882242321968,4978.558165512616,1900.8047429418405,0.1232736648608268,-0.5177532434048011,4963.4033203125,1001.2939453125,10346.7041015625,94.6490707397461,24.03536033630371,-0.6512196660041809,0.9983723163604736,96.79187774658205,-6.396786689758301,150.2512969970703,24.480030059814453,18.81464958190918,0.1314985603094101,0.7295365333557129,25.938671112060547,-31.91226577758789,100.86160278320312,27.384008407592773,13.482073783874512,-0.5140339136123657,-0.6882736682891846,29.85431289672852,-11.737297058105469,54.85308456420898,11.639039039611816,7.866472244262695,0.1408552378416061,-0.0953943729400634,11.85510540008545,-7.441563129425049,38.15774154663086,14.885311126708984,10.248496055603027,-0.2600117921829223,-0.5418660640716553,15.633228302001951,-20.839031219482425,44.49219131469727,4.237239360809326,7.953791618347168,0.4562124013900757,1.43902587890625,3.811838150024414,-26.20810890197754,45.17012405395508,12.38132381439209,6.55075216293335,0.0182349402457475,-0.0344555377960205,12.48911476135254,-9.529226303100586,35.735557556152344,10.709880828857422,6.079139232635498,-0.0289455670863389,-0.2028543949127197,10.609859466552734,-12.603555679321287,27.21731948852539,5.124197483062744,6.6981048583984375,0.119723692536354,0.664222240447998,5.276510715484619,-16.788578033447266,34.04936981201172,-0.3483768701553345,7.519523620605469,-0.2255293428897857,0.3259859085083008,0.0553188323974609,-27.425352096557617,27.249942779541016,1.252484679222107,6.710833549499512,-0.2747691571712494,-0.1521792411804199,1.684309482574463,-21.40607070922852,19.719770431518555,-4.157143592834473,6.890837669372559,0.0245137941092252,-0.091304063796997,-4.215987205505371,-27.96880340576172,15.002479553222656,0.054687366992522,0.1212865341035884,-0.5793822056761683,0.6006478395130621,0.0705066947753221,-0.2972497057779724,0.3639137306103479,0.2549280344552513,0.1276016998970229,0.1958610518237949,-0.4167436836668381,0.2516743961089769,-0.0650030091405225,0.5748904512853137,0.0224027635654965,0.2055797890914611,-0.7984768170127916,0.959001909619294,0.0563226640224455,-0.6037891106680037,0.5735640153288839,0.1110066319581722,0.1459846960851643,0.1192688237023212,-1.0574442666583723,0.1072820574045168,-0.1956457048654559,0.4435916543006895,0.0115992517985543,0.0856328578171845,-1.3439092217352908,1.2266216000069503,0.0373993016832008,-0.2539339213655173,0.1731287281497369,0.0155353907154324,0.0748554364033864,-0.2247695648129792,-1.0857807691629902,0.0245594568550587,-0.1424288935959342,0.155076081864536
metal.00092.wav,6,2090.1932442834777,413.7006361511608,1.7021313239326703,4.182216194466215,2003.5313975346296,1257.6477501867132,4088.811009456527,0.0063969753682613,0.0067769177258014,3.178117036819458,12.687783241271973,0.0042706979438662,0.0004438286123331,0.0560592152178287,4392.865032718242,840.5170663445813,1.2434785823637304,1.3840346576402185,4145.1416015625,2853.1494140625,7482.7880859375,108.93853759765624,18.258724212646484,-0.5587191581726074,0.5121891498565674,110.40093231201172,44.49140930175781,153.3475341796875,-33.8289794921875,16.232776641845703,0.0911217555403709,-0.5116977691650391,-33.166839599609375,-74.87217712402344,14.684040069580078,50.48988723754883,13.837506294250488,-0.2392726242542266,0.1528606414794922,51.905311584472656,1.8318839073181152,87.07608795166016,-21.362123489379883,10.171380996704102,-0.760533332824707,0.5315690040588379,-19.28896713256836,-61.71394348144531,9.899898529052734,21.491247177124023,9.843703269958496,0.1232204586267471,-0.209228515625,21.148849487304688,-3.928877592086792,56.93912506103516,-14.870390892028809,10.551655769348145,0.2956436276435852,0.7120521068572998,-15.33491325378418,-48.36793518066406,21.21771240234375,11.620576858520508,8.516265869140625,-0.025874026119709,-0.2079148292541504,11.754804611206056,-12.899251937866213,39.12223052978516,-19.260173797607425,7.637254238128662,0.0223345458507537,0.1951000690460205,-19.22870635986328,-49.70579147338867,4.600376605987549,10.526650428771973,7.372008800506592,-0.0533228665590286,-0.2361872196197509,10.795894622802734,-10.429000854492188,30.669509887695312,-13.919647216796877,6.966443538665772,-0.0240271799266338,-0.1137619018554687,-14.078965187072754,-38.63008499145508,4.92418098449707,5.553816318511963,6.728760719299316,-0.439458817243576,0.7673523426055908,5.509305953979492,-23.47497940063477,25.370174407958984,-14.43082332611084,6.2066850662231445,-0.2298173904418945,0.3031384944915771,-14.245182991027832,-35.775672912597656,7.245786666870117,0.146163146772511,0.1142563851601418,0.8702589512282458,0.44647643286911,0.1285600974408742,-0.0939807697020417,0.5225852653120886,0.0397986963978193,0.0813757595368122,-0.1483167866648977,0.2574010005841836,0.0337291111879022,-0.2192459415428661,0.2632196486358726,-0.0489925264012809,0.0990379245889983,-0.3591724902437483,0.9100486002242693,-0.0495889708399781,-0.4350946694612507,0.2167870625853534,-0.0358071834373319,0.1566038620278443,0.0405996416033509,-0.1112794921751265,-0.0442557856440548,-0.4520167484879502,0.382719365879893,-0.015788215623046,0.0621992068504529,-0.2458380682973616,0.2563651090460679,-0.0078780610025034,-0.1855512185656444,0.1549299103675023,-0.0069375640088915,0.0422847486584522,0.689248915212295,0.9401107317541376,-0.0065587786957621,-0.0936321336776018,0.1689519640058279
country.00001.wav,2,2938.131304280134,319.1020786479141,0.818569072146814,1.859202777387416,2910.8896439160853,2060.201916660951,4590.312689081567,0.0442142076790332,0.0296457856893539,1.8308042287826536,5.370212554931641,0.0342234708368778,0.0083053605630993,0.2663114666938782,6279.551664914443,791.3486707493231,-0.5135799142638044,0.8180397784395428,6406.1279296875,4015.9423828125,9313.1103515625,62.72463607788086,9.64876651763916,-0.3339346349239349,0.8946270942687988,62.86223983764648,17.571868896484375,94.1139678955078,-1.4591703414916992,12.174810409545898,-0.4552863240242004,0.3009953498840332,-0.2293394804000854,-43.8497200012207,34.31656265258789,28.1099853515625,7.792582988739014,-0.0154564408585429,0.1254479885101318,28.464862823486328,2.533825635910034,53.19450759887695,9.967061042785645,8.578346252441406,0.4193112850189209,0.4238412380218506,9.250913619995115,-17.73394012451172,45.36980056762695,9.363964080810549,10.322750091552734,-0.7320088148117065,0.1468105316162109,11.422364234924316,-21.57440948486328,32.284332275390625,5.4159040451049805,7.038027763366699,0.2258843630552292,0.1153109073638916,5.13874626159668,-15.265792846679688,29.80422592163086,9.825429916381836,7.300025463104248,0.2776927947998047,0.2366495132446289,9.669857025146484,-15.61167049407959,35.39929962158203,3.02754545211792,7.794113636016846,0.4357268214225769,0.0071587562561035,2.250915050506592,-15.047795295715332,29.2996883392334,8.420948028564453,7.404362201690674,0.4385340809822082,0.0575675964355468,7.830511569976807,-9.092147827148438,35.14753341674805,0.3107130229473114,6.949456691741943,-0.3993659615516662,0.4179360866546631,0.5631008148193359,-24.900564193725582,20.43518447875977,6.540353775024414,6.1717400550842285,-0.1512142121791839,0.0093452930450439,6.580355644226074,-15.4375638961792,24.917022705078125,0.7373716831207275,5.570304393768311,0.0646669939160347,0.4276566505432129,0.6940869092941284,-23.816341400146484,20.87393569946289,0.029824536266926,0.0688496619065646,0.4351542817006558,0.0696941146769956,0.0235053413869356,-0.1314152952234313,0.2782044477292031,-0.0848450469874753,0.0566827776493638,-0.1032627141010363,-0.0882953333780642,-0.085199858640516,-0.258949214981387,0.0953172154045087,0.0585487915702849,0.093537850961845,0.7444806639395046,0.994564012986348,0.0387619063258163,-0.2126451414078478,0.3838140070438383,-0.0195501379709048,0.1543041418362725,0.3022216018050819,-0.8922419501682213,-0.0294469110667708,-0.336894584819675,0.3195590376853938,0.0012045665882228,0.0411294725047636,-0.7607544642315143,0.2437652543055803,0.0094063665226851,-0.1363116209637069,0.0846439390263847,-0.0027951628574056,0.0409177541481304,-0.0994877978115814,-0.6171068416100307,0.0006681410595774,-0.104664633050561,0.1007875381037594
